task_id,task_type,assigned_machine,arrival_time,inference_time,completion_time
2,question_answering,triton_t2_large_6,6,31,46
1,object_detection,triton_t2_large_7,5,40,54
3,question_answering,triton_t2_large_8,21,37,67
6,object_detection,triton_t2_large_4,48,45,101
7,question_answering,triton_t2_large_5,53,42,103
8,question_answering,triton_t2_large_2,59,38,106
4,image_classification,triton_t2_large_1,31,85,125
12,question_answering,triton_t2_large_16,86,38,133
5,image_classification,triton_t2_large_3,44,84,136
9,object_detection,triton_t2_large_11,67,62,137
14,object_detection,triton_g4dn_xlarge_3,105,29,142
15,speech_recognition,triton_g4dn_xlarge_4,106,37,151
10,image_classification,triton_t2_large_12,67,77,152
16,speech_recognition,triton_g4dn_xlarge_1,121,31,161
20,object_detection,triton_t2_large_1,150,35,194
17,image_classification,triton_t2_large_7,141,66,216
28,question_answering,triton_g4dn_xlarge_3,212,3,224
18,image_classification,triton_t2_large_6,141,82,232
22,question_answering,triton_t2_large_4,188,37,234
19,image_classification,triton_t2_large_8,146,87,241
24,object_detection,triton_t2_large_2,196,47,251
26,question_answering,triton_t2_large_12,207,37,253
29,speech_recognition,triton_g4dn_xlarge_4,230,18,258
30,speech_recognition,triton_g4dn_xlarge_1,245,19,273
23,image_classification,triton_t2_large_5,191,84,284
31,image_classification,triton_t2_large_7,261,66,336
32,image_classification,triton_t2_large_6,267,66,341
35,object_detection,triton_t2_large_4,320,28,357
34,image_classification,triton_t2_large_1,301,76,386
39,object_detection,triton_g4dn_xlarge_3,393,11,412
36,object_detection,triton_t2_large_5,361,43,413
40,image_classification,triton_g4dn_xlarge_4,399,9,416
41,speech_recognition,triton_g4dn_xlarge_1,406,19,434
37,object_detection,triton_t2_large_2,389,49,447
44,object_detection,triton_t2_large_1,413,31,453
47,object_detection,triton_g4dn_xlarge_3,432,12,454
48,object_detection,triton_g4dn_xlarge_4,433,12,455
38,image_classification,triton_t2_large_12,390,78,477
49,object_detection,triton_g4dn_xlarge_1,454,16,479
46,object_detection,triton_t2_large_5,426,46,481
42,image_classification,triton_t2_large_7,407,67,483
43,image_classification,triton_t2_large_6,412,67,488
45,image_classification,triton_t2_large_4,422,76,508
51,object_detection,triton_t2_large_6,481,33,523
52,object_detection,triton_t2_large_1,482,39,531
50,question_answering,triton_t2_large_7,480,42,531
57,object_detection,triton_g4dn_xlarge_4,515,14,538
56,speech_recognition,triton_g4dn_xlarge_3,510,19,538
58,object_detection,triton_g4dn_xlarge_1,518,13,539
60,object_detection,triton_t2_large_6,539,26,573
59,question_answering,triton_t2_large_7,539,30,578
61,object_detection,triton_t2_large_1,554,30,593
63,question_answering,triton_g4dn_xlarge_3,591,3,604
64,question_answering,triton_g4dn_xlarge_4,592,3,604
65,speech_recognition,triton_g4dn_xlarge_1,610,19,638
62,image_classification,triton_t2_large_4,576,68,653
66,object_detection,triton_t2_large_7,613,32,654
70,object_detection,triton_g4dn_xlarge_3,650,10,670
71,question_answering,triton_g4dn_xlarge_4,659,3,672
72,question_answering,triton_g4dn_xlarge_1,661,3,673
11,speech_recognition,triton_t2_large_15,72,603,683
13,speech_recognition,triton_t2_large_13,87,592,687
74,object_detection,triton_g4dn_xlarge_3,671,9,689
75,speech_recognition,triton_g4dn_xlarge_4,678,22,709
79,question_answering,triton_g4dn_xlarge_3,695,5,710
76,object_detection,triton_g4dn_xlarge_1,688,13,711
81,question_answering,triton_g4dn_xlarge_1,711,3,724
68,image_classification,triton_t2_large_1,642,75,726
69,image_classification,triton_t2_large_4,650,69,728
80,speech_recognition,triton_g4dn_xlarge_4,703,24,736
21,speech_recognition,triton_t2_large_3,155,574,738
77,object_detection,triton_t2_large_15,689,43,741
78,object_detection,triton_t2_large_13,692,41,743
84,image_classification,triton_g4dn_xlarge_3,730,8,747
86,image_classification,triton_g4dn_xlarge_1,753,8,772
83,question_answering,triton_t2_large_4,721,46,776
85,speech_recognition,triton_g4dn_xlarge_4,748,19,777
25,speech_recognition,triton_t2_large_11,202,573,784
82,image_classification,triton_t2_large_1,718,67,794
27,speech_recognition,triton_t2_large_16,210,585,805
87,object_detection,triton_t2_large_3,769,38,817
88,question_answering,triton_t2_large_4,779,31,821
89,object_detection,triton_t2_large_11,796,30,836
90,object_detection,triton_t2_large_15,808,37,855
33,speech_recognition,triton_t2_large_8,298,588,895
91,object_detection,triton_t2_large_16,865,34,909
94,question_answering,triton_g4dn_xlarge_4,897,4,912
93,object_detection,triton_g4dn_xlarge_3,896,10,916
95,speech_recognition,triton_g4dn_xlarge_1,901,26,937
92,image_classification,triton_t2_large_13,866,69,945
96,object_detection,triton_t2_large_8,916,46,973
98,question_answering,triton_t2_large_3,946,37,993
104,image_classification,triton_g4dn_xlarge_3,977,8,995
100,object_detection,triton_t2_large_11,957,32,1000
105,image_classification,triton_g4dn_xlarge_4,988,8,1006
102,object_detection,triton_t2_large_16,965,36,1012
97,image_classification,triton_t2_large_1,934,72,1016
106,object_detection,triton_g4dn_xlarge_1,1014,11,1036
101,image_classification,triton_t2_large_15,958,73,1041
99,image_classification,triton_t2_large_4,950,88,1049
103,image_classification,triton_t2_large_13,976,70,1056
107,object_detection,triton_t2_large_8,1016,34,1061
53,speech_recognition,triton_t2_large_5,484,585,1078
116,question_answering,triton_g4dn_xlarge_4,1076,3,1089
54,speech_recognition,triton_t2_large_2,504,578,1090
55,speech_recognition,triton_t2_large_12,507,574,1091
115,object_detection,triton_g4dn_xlarge_3,1073,14,1097
113,object_detection,triton_t2_large_16,1061,28,1099
111,object_detection,triton_t2_large_11,1052,36,1099
112,question_answering,triton_t2_large_15,1053,37,1101
117,image_classification,triton_g4dn_xlarge_1,1089,8,1107
118,object_detection,triton_t2_large_8,1093,26,1130
110,image_classification,triton_t2_large_4,1052,71,1134
109,image_classification,triton_t2_large_3,1052,80,1142
119,question_answering,triton_t2_large_5,1116,32,1159
126,question_answering,triton_g4dn_xlarge_4,1160,4,1174
127,question_answering,triton_g4dn_xlarge_1,1163,3,1176
125,speech_recognition,triton_g4dn_xlarge_3,1160,18,1189
122,object_detection,triton_t2_large_12,1143,45,1199
120,image_classification,triton_t2_large_2,1126,70,1206
67,speech_recognition,triton_t2_large_6,641,563,1213
121,image_classification,triton_t2_large_11,1130,76,1217
128,question_answering,triton_t2_large_8,1166,43,1219
123,image_classification,triton_t2_large_15,1150,73,1234
129,question_answering,triton_t2_large_3,1192,33,1236
73,speech_recognition,triton_t2_large_7,666,561,1237
124,image_classification,triton_t2_large_16,1151,77,1239
130,object_detection,triton_t2_large_4,1206,28,1245
132,image_classification,triton_t2_large_2,1240,70,1320
133,question_answering,triton_t2_large_11,1279,35,1325
137,object_detection,triton_g4dn_xlarge_3,1307,15,1333
135,object_detection,triton_t2_large_15,1296,32,1339
136,object_detection,triton_t2_large_16,1306,36,1354
138,speech_recognition,triton_g4dn_xlarge_4,1326,18,1355
139,question_answering,triton_g4dn_xlarge_1,1343,3,1356
142,object_detection,triton_t2_large_8,1372,31,1414
140,object_detection,triton_t2_large_7,1364,40,1415
145,question_answering,triton_t2_large_2,1398,36,1445
147,question_answering,triton_t2_large_15,1408,35,1454
149,object_detection,triton_g4dn_xlarge_3,1435,14,1460
144,image_classification,triton_t2_large_4,1398,69,1477
146,image_classification,triton_t2_large_11,1400,75,1486
150,speech_recognition,triton_g4dn_xlarge_4,1461,19,1491
151,speech_recognition,triton_g4dn_xlarge_1,1469,19,1498
154,question_answering,triton_t2_large_4,1522,32,1565
152,image_classification,triton_t2_large_7,1489,73,1573
156,object_detection,triton_t2_large_11,1556,31,1597
159,image_classification,triton_g4dn_xlarge_4,1578,8,1597
157,object_detection,triton_t2_large_15,1556,32,1599
158,speech_recognition,triton_g4dn_xlarge_3,1572,18,1602
155,image_classification,triton_t2_large_2,1523,74,1608
108,speech_recognition,triton_t2_large_1,1042,567,1619
160,speech_recognition,triton_g4dn_xlarge_1,1596,19,1626
162,question_answering,triton_t2_large_1,1624,32,1667
114,speech_recognition,triton_t2_large_13,1072,585,1668
163,object_detection,triton_t2_large_4,1647,28,1685
164,question_answering,triton_t2_large_2,1650,36,1696
168,speech_recognition,triton_g4dn_xlarge_3,1671,19,1701
161,image_classification,triton_t2_large_7,1617,74,1702
169,speech_recognition,triton_g4dn_xlarge_4,1674,18,1704
170,image_classification,triton_g4dn_xlarge_1,1694,8,1713
165,image_classification,triton_t2_large_11,1652,74,1736
166,image_classification,triton_t2_large_15,1653,75,1739
167,image_classification,triton_t2_large_13,1663,77,1751
171,question_answering,triton_t2_large_7,1723,30,1764
173,object_detection,triton_t2_large_4,1734,28,1773
172,question_answering,triton_t2_large_1,1728,36,1775
178,question_answering,triton_g4dn_xlarge_3,1765,4,1779
180,question_answering,triton_g4dn_xlarge_1,1783,3,1797
179,image_classification,triton_g4dn_xlarge_4,1778,8,1797
175,question_answering,triton_t2_large_11,1757,31,1798
177,question_answering,triton_t2_large_13,1764,32,1807
131,speech_recognition,triton_t2_large_5,1229,574,1814
174,image_classification,triton_t2_large_2,1753,69,1833
176,image_classification,triton_t2_large_15,1764,70,1844
134,speech_recognition,triton_t2_large_12,1292,572,1875
181,question_answering,triton_t2_large_7,1850,30,1890
182,image_classification,triton_t2_large_1,1854,69,1934
141,speech_recognition,triton_t2_large_6,1365,567,1943
185,object_detection,triton_t2_large_2,1908,37,1956
190,question_answering,triton_g4dn_xlarge_3,1953,3,1967
191,question_answering,triton_g4dn_xlarge_4,1957,3,1971
143,speech_recognition,triton_t2_large_3,1385,580,1976
192,speech_recognition,triton_g4dn_xlarge_1,1957,19,1988
188,question_answering,triton_t2_large_15,1929,54,1994
148,speech_recognition,triton_t2_large_16,1419,590,2020
193,object_detection,triton_t2_large_7,1986,29,2026
194,object_detection,triton_t2_large_6,2000,43,2055
197,question_answering,triton_t2_large_2,2040,32,2083
195,image_classification,triton_t2_large_1,2002,77,2090
153,speech_recognition,triton_t2_large_8,1493,594,2098
198,question_answering,triton_t2_large_15,2054,36,2101
200,image_classification,triton_g4dn_xlarge_3,2088,8,2107
201,object_detection,triton_g4dn_xlarge_4,2089,11,2110
202,speech_recognition,triton_g4dn_xlarge_1,2100,19,2130
209,question_answering,triton_g4dn_xlarge_3,2126,3,2140
210,question_answering,triton_g4dn_xlarge_4,2133,3,2147
211,question_answering,triton_g4dn_xlarge_1,2136,4,2150
207,object_detection,triton_t2_large_2,2116,34,2161
212,image_classification,triton_g4dn_xlarge_3,2143,7,2162
213,object_detection,triton_g4dn_xlarge_4,2143,11,2165
208,question_answering,triton_t2_large_15,2119,42,2171
214,image_classification,triton_g4dn_xlarge_1,2160,8,2179
204,image_classification,triton_t2_large_6,2106,66,2183
218,image_classification,triton_g4dn_xlarge_4,2185,7,2204
217,speech_recognition,triton_g4dn_xlarge_3,2182,18,2211
219,image_classification,triton_g4dn_xlarge_1,2195,8,2214
221,image_classification,triton_g4dn_xlarge_4,2197,8,2216
220,question_answering,triton_t2_large_6,2196,30,2237
222,speech_recognition,triton_g4dn_xlarge_1,2197,19,2238
223,speech_recognition,triton_g4dn_xlarge_3,2211,20,2242
224,image_classification,triton_g4dn_xlarge_4,2225,7,2244
225,object_detection,triton_g4dn_xlarge_1,2237,10,2257
216,image_classification,triton_t2_large_15,2177,72,2260
228,question_answering,triton_g4dn_xlarge_3,2295,10,2317
226,image_classification,triton_t2_large_6,2244,66,2321
229,object_detection,triton_g4dn_xlarge_4,2297,16,2324
230,image_classification,triton_g4dn_xlarge_1,2320,8,2339
233,question_answering,triton_g4dn_xlarge_4,2345,4,2360
232,object_detection,triton_g4dn_xlarge_3,2340,10,2361
227,image_classification,triton_t2_large_15,2280,71,2363
234,object_detection,triton_g4dn_xlarge_1,2360,10,2381
231,image_classification,triton_t2_large_6,2326,66,2404
236,speech_recognition,triton_g4dn_xlarge_3,2378,18,2408
235,question_answering,triton_t2_large_15,2365,39,2415
237,question_answering,triton_g4dn_xlarge_4,2404,3,2418
238,speech_recognition,triton_g4dn_xlarge_1,2408,19,2438
239,question_answering,triton_t2_large_6,2410,29,2450
241,object_detection,triton_g4dn_xlarge_3,2433,9,2453
242,image_classification,triton_g4dn_xlarge_4,2435,9,2454
183,speech_recognition,triton_t2_large_4,1864,581,2455
184,speech_recognition,triton_t2_large_5,1872,575,2458
243,object_detection,triton_g4dn_xlarge_1,2454,10,2476
244,question_answering,triton_t2_large_6,2456,30,2497
245,object_detection,triton_t2_large_4,2457,30,2499
186,speech_recognition,triton_t2_large_11,1912,577,2500
187,speech_recognition,triton_t2_large_12,1920,571,2502
246,question_answering,triton_t2_large_5,2461,33,2505
189,speech_recognition,triton_t2_large_13,1932,581,2523
250,question_answering,triton_g4dn_xlarge_4,2510,3,2524
249,object_detection,triton_g4dn_xlarge_3,2505,9,2525
251,speech_recognition,triton_g4dn_xlarge_1,2515,19,2546
248,object_detection,triton_t2_large_12,2497,40,2548
196,speech_recognition,triton_t2_large_3,2012,579,2602
258,question_answering,triton_g4dn_xlarge_4,2601,4,2617
257,object_detection,triton_g4dn_xlarge_3,2600,13,2623
253,question_answering,triton_t2_large_4,2571,40,2623
259,object_detection,triton_g4dn_xlarge_1,2603,12,2626
252,image_classification,triton_t2_large_6,2552,70,2633
263,question_answering,triton_g4dn_xlarge_4,2622,3,2636
254,object_detection,triton_t2_large_5,2589,35,2636
262,speech_recognition,triton_g4dn_xlarge_3,2615,18,2645
264,image_classification,triton_g4dn_xlarge_1,2626,8,2645
256,question_answering,triton_t2_large_13,2596,38,2645
261,question_answering,triton_t2_large_4,2615,32,2658
199,speech_recognition,triton_t2_large_16,2065,586,2663
255,image_classification,triton_t2_large_12,2589,70,2670
265,object_detection,triton_t2_large_6,2636,25,2673
203,speech_recognition,triton_t2_large_7,2102,561,2674
269,question_answering,triton_g4dn_xlarge_4,2663,3,2678
268,image_classification,triton_g4dn_xlarge_3,2660,7,2679
270,image_classification,triton_g4dn_xlarge_1,2667,8,2686
260,image_classification,triton_t2_large_3,2608,72,2691
206,speech_recognition,triton_t2_large_1,2110,574,2696
205,speech_recognition,triton_t2_large_8,2106,604,2721
271,question_answering,triton_t2_large_7,2670,40,2721
266,image_classification,triton_t2_large_5,2636,79,2726
267,image_classification,triton_t2_large_13,2649,69,2729
215,speech_recognition,triton_t2_large_2,2166,569,2746
272,question_answering,triton_t2_large_6,2702,37,2750
274,object_detection,triton_t2_large_1,2714,30,2755
273,object_detection,triton_t2_large_8,2712,38,2761
275,question_answering,triton_t2_large_3,2733,37,2781
277,object_detection,triton_t2_large_5,2761,30,2803
282,question_answering,triton_g4dn_xlarge_3,2802,3,2817
283,image_classification,triton_g4dn_xlarge_4,2803,8,2822
279,question_answering,triton_t2_large_12,2787,32,2831
281,object_detection,triton_t2_large_13,2792,30,2833
280,object_detection,triton_t2_large_16,2790,32,2834
284,speech_recognition,triton_g4dn_xlarge_1,2823,19,2854
287,object_detection,triton_t2_large_8,2841,26,2879
294,object_detection,triton_g4dn_xlarge_3,2950,11,2972
296,question_answering,triton_g4dn_xlarge_1,2962,3,2977
293,object_detection,triton_t2_large_13,2940,35,2987
295,speech_recognition,triton_g4dn_xlarge_4,2958,19,2988
292,object_detection,triton_t2_large_16,2939,38,2990
291,image_classification,triton_t2_large_12,2929,73,3014
298,question_answering,triton_t2_large_16,2980,46,3037
240,speech_recognition,triton_t2_large_15,2432,600,3043
297,image_classification,triton_t2_large_8,2966,69,3046
300,image_classification,triton_g4dn_xlarge_3,3035,7,3054
301,image_classification,triton_g4dn_xlarge_4,3039,8,3058
247,speech_recognition,triton_t2_large_11,2490,573,3074
302,question_answering,triton_g4dn_xlarge_1,3064,3,3079
299,image_classification,triton_t2_large_13,3018,77,3106
303,image_classification,triton_t2_large_8,3064,69,3145
309,question_answering,triton_g4dn_xlarge_3,3140,3,3155
307,question_answering,triton_t2_large_16,3109,40,3162
310,object_detection,triton_g4dn_xlarge_4,3146,9,3168
305,image_classification,triton_t2_large_12,3092,76,3180
306,image_classification,triton_t2_large_15,3096,74,3181
311,speech_recognition,triton_g4dn_xlarge_1,3164,19,3195
308,image_classification,triton_t2_large_13,3126,76,3214
313,question_answering,triton_t2_large_12,3174,41,3227
317,speech_recognition,triton_g4dn_xlarge_3,3211,18,3241
316,object_detection,triton_t2_large_13,3204,44,3259
318,question_answering,triton_g4dn_xlarge_4,3246,3,3261
319,speech_recognition,triton_g4dn_xlarge_1,3247,19,3278
320,object_detection,triton_t2_large_12,3261,34,3307
322,object_detection,triton_g4dn_xlarge_3,3287,9,3307
323,question_answering,triton_g4dn_xlarge_4,3303,3,3318
324,object_detection,triton_g4dn_xlarge_1,3305,10,3327
276,speech_recognition,triton_t2_large_4,2748,570,3329
327,object_detection,triton_g4dn_xlarge_3,3324,9,3345
328,image_classification,triton_g4dn_xlarge_4,3340,8,3359
278,speech_recognition,triton_t2_large_2,2781,576,3369
329,object_detection,triton_g4dn_xlarge_1,3350,10,3372
330,image_classification,triton_g4dn_xlarge_3,3356,7,3375
331,object_detection,triton_g4dn_xlarge_4,3361,9,3382
332,question_answering,triton_g4dn_xlarge_1,3373,3,3388
285,speech_recognition,triton_t2_large_7,2830,559,3401
286,speech_recognition,triton_t2_large_6,2836,560,3407
325,image_classification,triton_t2_large_4,3320,81,3414
289,speech_recognition,triton_t2_large_3,2853,573,3438
288,speech_recognition,triton_t2_large_1,2846,583,3440
334,question_answering,triton_t2_large_6,3426,29,3467
290,speech_recognition,triton_t2_large_5,2894,574,3480
335,object_detection,triton_t2_large_1,3439,32,3482
333,image_classification,triton_t2_large_7,3422,67,3501
337,object_detection,triton_t2_large_4,3474,29,3514
341,object_detection,triton_g4dn_xlarge_4,3492,11,3514
342,image_classification,triton_g4dn_xlarge_1,3493,9,3515
340,speech_recognition,triton_g4dn_xlarge_3,3486,18,3516
339,object_detection,triton_t2_large_2,3485,41,3538
344,object_detection,triton_t2_large_6,3499,29,3540
343,object_detection,triton_t2_large_7,3499,30,3541
345,question_answering,triton_t2_large_1,3515,32,3559
349,question_answering,triton_g4dn_xlarge_4,3544,3,3559
338,image_classification,triton_t2_large_5,3478,72,3563
350,question_answering,triton_g4dn_xlarge_1,3554,3,3569
348,speech_recognition,triton_g4dn_xlarge_3,3540,19,3570
346,question_answering,triton_t2_large_4,3530,38,3580
356,image_classification,triton_g4dn_xlarge_3,3583,7,3602
357,question_answering,triton_g4dn_xlarge_4,3588,3,3603
352,object_detection,triton_t2_large_6,3568,29,3609
347,image_classification,triton_t2_large_2,3533,71,3615
358,image_classification,triton_g4dn_xlarge_1,3598,8,3618
354,question_answering,triton_t2_large_4,3578,31,3621
362,object_detection,triton_g4dn_xlarge_3,3628,9,3649
359,question_answering,triton_t2_large_6,3606,35,3653
363,object_detection,triton_g4dn_xlarge_4,3628,13,3653
304,speech_recognition,triton_t2_large_11,3064,578,3654
364,question_answering,triton_g4dn_xlarge_1,3644,3,3659
355,image_classification,triton_t2_large_5,3578,69,3659
351,image_classification,triton_t2_large_7,3564,84,3661
365,object_detection,triton_t2_large_6,3645,33,3690
368,image_classification,triton_g4dn_xlarge_3,3677,7,3696
369,question_answering,triton_g4dn_xlarge_4,3682,3,3697
366,object_detection,triton_t2_large_5,3655,36,3703
360,image_classification,triton_t2_large_4,3622,70,3705
370,speech_recognition,triton_g4dn_xlarge_1,3698,19,3729
375,image_classification,triton_g4dn_xlarge_3,3718,8,3737
376,object_detection,triton_g4dn_xlarge_4,3719,9,3740
378,image_classification,triton_g4dn_xlarge_3,3727,7,3746
371,question_answering,triton_t2_large_7,3706,30,3748
372,question_answering,triton_t2_large_6,3707,29,3748
367,image_classification,triton_t2_large_11,3666,71,3749
377,speech_recognition,triton_g4dn_xlarge_1,3721,21,3755
374,question_answering,triton_t2_large_5,3711,32,3755
379,speech_recognition,triton_g4dn_xlarge_4,3730,18,3760
312,speech_recognition,triton_t2_large_8,3166,600,3777
315,speech_recognition,triton_t2_large_16,3190,582,3784
314,speech_recognition,triton_t2_large_15,3185,593,3790
380,image_classification,triton_g4dn_xlarge_1,3770,8,3791
382,question_answering,triton_t2_large_6,3813,37,3862
321,speech_recognition,triton_t2_large_13,3281,577,3870
384,object_detection,triton_t2_large_5,3834,31,3877
385,object_detection,triton_t2_large_11,3854,29,3895
326,speech_recognition,triton_t2_large_12,3322,577,3912
383,image_classification,triton_t2_large_8,3830,75,3917
389,image_classification,triton_g4dn_xlarge_3,3928,7,3947
391,question_answering,triton_g4dn_xlarge_1,3930,5,3947
390,object_detection,triton_g4dn_xlarge_4,3929,10,3951
388,object_detection,triton_t2_large_13,3919,37,3968
387,image_classification,triton_t2_large_16,3891,72,3975
393,object_detection,triton_t2_large_8,3958,35,4004
392,image_classification,triton_t2_large_6,3943,74,4029
336,speech_recognition,triton_t2_large_3,3447,580,4038
394,question_answering,triton_t2_large_5,3988,39,4040
395,image_classification,triton_t2_large_11,3991,73,4076
399,speech_recognition,triton_g4dn_xlarge_3,4055,23,4089
398,object_detection,triton_t2_large_13,4038,43,4093
397,object_detection,triton_t2_large_16,4037,43,4093
400,image_classification,triton_g4dn_xlarge_4,4070,13,4095
401,speech_recognition,triton_g4dn_xlarge_1,4071,25,4108
402,question_answering,triton_t2_large_6,4084,29,4125
403,object_detection,triton_t2_large_8,4086,29,4128
404,question_answering,triton_t2_large_3,4100,38,4150
353,speech_recognition,triton_t2_large_1,3574,582,4168
409,speech_recognition,triton_g4dn_xlarge_3,4155,19,4186
406,object_detection,triton_t2_large_11,4141,35,4188
410,object_detection,triton_g4dn_xlarge_4,4166,13,4192
405,image_classification,triton_t2_large_5,4109,73,4195
361,speech_recognition,triton_t2_large_2,3622,571,4206
411,speech_recognition,triton_g4dn_xlarge_1,4182,19,4213
412,question_answering,triton_t2_large_6,4185,37,4234
414,object_detection,triton_t2_large_1,4221,31,4264
413,question_answering,triton_t2_large_8,4217,35,4265
415,object_detection,triton_t2_large_3,4232,44,4288
416,question_answering,triton_t2_large_5,4244,31,4288
373,speech_recognition,triton_t2_large_4,3708,571,4290
419,speech_recognition,triton_g4dn_xlarge_3,4289,18,4320
418,object_detection,triton_t2_large_11,4276,34,4322
420,object_detection,triton_g4dn_xlarge_4,4322,9,4344
421,question_answering,triton_g4dn_xlarge_1,4338,3,4353
417,image_classification,triton_t2_large_2,4271,77,4361
381,speech_recognition,triton_t2_large_7,3781,572,4365
422,object_detection,triton_t2_large_7,4366,26,4406
423,question_answering,triton_t2_large_6,4370,37,4419
424,object_detection,triton_t2_large_8,4415,29,4457
386,speech_recognition,triton_t2_large_15,3861,601,4474
430,object_detection,triton_t2_large_11,4461,31,4504
425,image_classification,triton_t2_large_1,4421,75,4509
427,image_classification,triton_t2_large_4,4429,70,4511
426,image_classification,triton_t2_large_3,4428,74,4514
428,image_classification,triton_t2_large_5,4436,70,4518
431,object_detection,triton_t2_large_15,4465,41,4518
432,speech_recognition,triton_g4dn_xlarge_3,4497,19,4528
434,object_detection,triton_g4dn_xlarge_1,4515,10,4538
433,speech_recognition,triton_g4dn_xlarge_4,4509,18,4540
436,question_answering,triton_t2_large_6,4517,30,4560
435,question_answering,triton_t2_large_7,4516,35,4563
438,question_answering,triton_t2_large_1,4538,31,4581
440,object_detection,triton_t2_large_4,4542,35,4589
396,speech_recognition,triton_t2_large_12,3995,583,4590
441,object_detection,triton_t2_large_5,4556,29,4597
442,question_answering,triton_t2_large_11,4557,36,4605
439,image_classification,triton_t2_large_3,4539,69,4621
445,question_answering,triton_g4dn_xlarge_3,4614,3,4629
443,question_answering,triton_t2_large_12,4589,36,4637
444,object_detection,triton_t2_large_15,4595,32,4640
446,object_detection,triton_g4dn_xlarge_4,4617,14,4643
447,object_detection,triton_g4dn_xlarge_1,4621,13,4646
448,question_answering,triton_t2_large_7,4659,30,4702
451,question_answering,triton_t2_large_3,4666,32,4711
454,object_detection,triton_t2_large_11,4691,35,4738
450,image_classification,triton_t2_large_1,4661,68,4742
408,speech_recognition,triton_t2_large_13,4153,584,4750
458,image_classification,triton_g4dn_xlarge_4,4733,13,4758
452,image_classification,triton_t2_large_4,4671,74,4758
407,speech_recognition,triton_t2_large_16,4150,594,4758
455,object_detection,triton_t2_large_12,4701,49,4763
457,speech_recognition,triton_g4dn_xlarge_3,4732,18,4763
459,object_detection,triton_g4dn_xlarge_1,4744,10,4767
453,image_classification,triton_t2_large_5,4689,88,4789
460,question_answering,triton_t2_large_7,4756,34,4802
456,image_classification,triton_t2_large_15,4721,71,4805
462,object_detection,triton_t2_large_3,4765,32,4809
463,question_answering,triton_t2_large_4,4771,31,4814
464,object_detection,triton_t2_large_11,4775,34,4822
468,image_classification,triton_g4dn_xlarge_3,4806,7,4826
466,object_detection,triton_t2_large_16,4786,29,4827
467,object_detection,triton_t2_large_13,4790,36,4838
461,image_classification,triton_t2_large_1,4758,68,4839
469,speech_recognition,triton_g4dn_xlarge_4,4812,18,4843
470,question_answering,triton_g4dn_xlarge_1,4832,3,4848
472,object_detection,triton_t2_large_1,4851,32,4895
473,question_answering,triton_t2_large_3,4862,40,4914
471,image_classification,triton_t2_large_7,4833,71,4916
482,question_answering,triton_g4dn_xlarge_1,4927,3,4943
480,speech_recognition,triton_g4dn_xlarge_3,4915,22,4949
476,object_detection,triton_t2_large_11,4903,34,4950
481,speech_recognition,triton_g4dn_xlarge_4,4924,18,4954
477,question_answering,triton_t2_large_15,4904,44,4960
475,image_classification,triton_t2_large_5,4884,74,4971
478,image_classification,triton_t2_large_16,4914,72,4999
488,image_classification,triton_g4dn_xlarge_3,4982,8,5003
479,image_classification,triton_t2_large_13,4914,78,5005
489,speech_recognition,triton_g4dn_xlarge_4,4982,20,5015
490,image_classification,triton_g4dn_xlarge_1,4999,8,5019
484,image_classification,triton_t2_large_1,4934,76,5022
494,question_answering,triton_g4dn_xlarge_3,5018,4,5034
495,question_answering,triton_g4dn_xlarge_4,5021,3,5036
429,speech_recognition,triton_t2_large_2,4453,579,5043
491,object_detection,triton_t2_large_5,5004,30,5046
487,image_classification,triton_t2_large_15,4961,72,5046
496,image_classification,triton_g4dn_xlarge_1,5027,8,5047
492,object_detection,triton_t2_large_16,5016,27,5056
502,question_answering,triton_g4dn_xlarge_3,5059,3,5075
497,object_detection,triton_t2_large_1,5046,27,5085
503,image_classification,triton_g4dn_xlarge_4,5067,8,5088
498,object_detection,triton_t2_large_5,5049,30,5092
506,question_answering,triton_g4dn_xlarge_4,5072,3,5099
504,speech_recognition,triton_g4dn_xlarge_1,5069,20,5102
505,speech_recognition,triton_g4dn_xlarge_3,5069,19,5102
507,question_answering,triton_g4dn_xlarge_1,5090,4,5107
437,speech_recognition,triton_t2_large_8,4521,592,5124
499,image_classification,triton_t2_large_2,5050,73,5136
501,image_classification,triton_t2_large_16,5054,73,5140
509,object_detection,triton_t2_large_1,5130,31,5174
513,image_classification,triton_g4dn_xlarge_3,5183,10,5205
514,image_classification,triton_g4dn_xlarge_4,5185,11,5209
515,speech_recognition,triton_g4dn_xlarge_1,5187,22,5221
449,speech_recognition,triton_t2_large_6,4659,566,5238
518,question_answering,triton_g4dn_xlarge_4,5225,3,5241
517,speech_recognition,triton_g4dn_xlarge_3,5218,18,5250
519,image_classification,triton_g4dn_xlarge_1,5233,8,5254
512,image_classification,triton_t2_large_16,5182,75,5270
521,object_detection,triton_g4dn_xlarge_3,5247,10,5270
522,question_answering,triton_g4dn_xlarge_4,5259,4,5275
516,image_classification,triton_t2_large_1,5198,69,5280
523,object_detection,triton_g4dn_xlarge_1,5261,10,5284
525,question_answering,triton_g4dn_xlarge_3,5283,3,5299
524,object_detection,triton_t2_large_16,5261,32,5306
526,question_answering,triton_g4dn_xlarge_4,5311,3,5326
465,speech_recognition,triton_t2_large_12,4785,575,5372
527,speech_recognition,triton_g4dn_xlarge_1,5350,20,5384
532,question_answering,triton_g4dn_xlarge_4,5375,3,5391
531,object_detection,triton_g4dn_xlarge_3,5371,10,5394
533,object_detection,triton_g4dn_xlarge_1,5380,10,5403
528,object_detection,triton_t2_large_1,5355,43,5411
530,object_detection,triton_t2_large_16,5370,28,5412
536,object_detection,triton_g4dn_xlarge_3,5418,10,5441
538,image_classification,triton_g4dn_xlarge_1,5421,10,5444
474,speech_recognition,triton_t2_large_4,4869,563,5444
537,object_detection,triton_g4dn_xlarge_4,5419,12,5444
534,object_detection,triton_t2_large_1,5404,32,5449
539,question_answering,triton_t2_large_1,5428,43,5494
483,speech_recognition,triton_t2_large_7,4929,566,5507
541,speech_recognition,triton_g4dn_xlarge_3,5491,18,5523
543,question_answering,triton_g4dn_xlarge_1,5508,3,5525
542,object_detection,triton_g4dn_xlarge_4,5505,10,5528
485,speech_recognition,triton_t2_large_3,4936,581,5529
486,speech_recognition,triton_t2_large_11,4955,568,5536
544,object_detection,triton_t2_large_7,5511,27,5551
545,question_answering,triton_t2_large_1,5542,31,5586
548,object_detection,triton_g4dn_xlarge_3,5574,9,5596
546,question_answering,triton_t2_large_3,5553,33,5599
549,speech_recognition,triton_g4dn_xlarge_4,5574,20,5608
493,speech_recognition,triton_t2_large_13,5018,578,5608
550,speech_recognition,triton_g4dn_xlarge_1,5591,20,5624
556,question_answering,triton_g4dn_xlarge_4,5633,3,5649
555,speech_recognition,triton_g4dn_xlarge_3,5624,18,5655
500,speech_recognition,triton_t2_large_15,5053,592,5658
553,question_answering,triton_t2_large_3,5614,33,5659
557,question_answering,triton_g4dn_xlarge_1,5647,3,5663
560,question_answering,triton_g4dn_xlarge_3,5664,3,5680
558,question_answering,triton_t2_large_3,5653,32,5698
554,image_classification,triton_t2_large_13,5617,68,5699
561,speech_recognition,triton_g4dn_xlarge_4,5678,19,5710
562,speech_recognition,triton_g4dn_xlarge_1,5680,19,5712
508,speech_recognition,triton_t2_large_8,5127,591,5731
565,speech_recognition,triton_g4dn_xlarge_3,5707,18,5738
511,speech_recognition,triton_t2_large_2,5161,574,5748
510,speech_recognition,triton_t2_large_5,5155,585,5753
567,object_detection,triton_g4dn_xlarge_1,5744,10,5767
566,speech_recognition,triton_g4dn_xlarge_4,5743,19,5774
571,question_answering,triton_g4dn_xlarge_3,5765,3,5781
572,question_answering,triton_g4dn_xlarge_4,5768,3,5784
568,question_answering,triton_t2_large_8,5753,35,5801
570,question_answering,triton_t2_large_2,5762,31,5806
569,question_answering,triton_t2_large_5,5760,32,5806
520,speech_recognition,triton_t2_large_6,5236,559,5808
573,object_detection,triton_g4dn_xlarge_1,5801,10,5824
574,question_answering,triton_t2_large_6,5812,29,5854
578,question_answering,triton_g4dn_xlarge_3,5863,3,5880
579,image_classification,triton_g4dn_xlarge_4,5865,8,5886
577,object_detection,triton_t2_large_2,5838,37,5888
580,question_answering,triton_g4dn_xlarge_1,5874,3,5890
575,image_classification,triton_t2_large_8,5816,70,5899
583,question_answering,triton_g4dn_xlarge_3,5883,4,5899
584,question_answering,triton_g4dn_xlarge_4,5886,3,5902
585,image_classification,triton_g4dn_xlarge_1,5894,8,5915
581,question_answering,triton_t2_large_6,5877,29,5919
576,image_classification,triton_t2_large_5,5821,92,5926
587,question_answering,triton_g4dn_xlarge_3,5911,3,5927
529,speech_recognition,triton_t2_large_12,5365,573,5951
588,object_detection,triton_g4dn_xlarge_4,5930,9,5953
589,object_detection,triton_g4dn_xlarge_1,5932,10,5956
586,image_classification,triton_t2_large_8,5902,76,5990
535,speech_recognition,triton_t2_large_16,5415,599,6027
540,speech_recognition,triton_t2_large_4,5455,562,6030
591,question_answering,triton_t2_large_8,5980,51,6043
595,image_classification,triton_g4dn_xlarge_3,6028,7,6048
593,question_answering,triton_t2_large_12,5999,39,6052
596,speech_recognition,triton_g4dn_xlarge_4,6036,18,6068
597,object_detection,triton_g4dn_xlarge_1,6050,10,6073
598,question_answering,triton_t2_large_8,6055,35,6103
594,image_classification,triton_t2_large_16,6017,82,6111
599,question_answering,triton_t2_large_4,6068,31,6112
547,speech_recognition,triton_t2_large_11,5571,570,6153
602,object_detection,triton_g4dn_xlarge_3,6133,9,6155
603,question_answering,triton_g4dn_xlarge_4,6146,3,6163
604,object_detection,triton_g4dn_xlarge_1,6148,10,6171
551,speech_recognition,triton_t2_large_7,5599,566,6178
552,speech_recognition,triton_t2_large_1,5604,572,6189
605,object_detection,triton_t2_large_8,6149,28,6190
606,object_detection,triton_t2_large_4,6158,31,6202
608,object_detection,triton_g4dn_xlarge_3,6199,9,6221
607,question_answering,triton_t2_large_11,6182,31,6226
610,question_answering,triton_g4dn_xlarge_1,6218,3,6235
609,speech_recognition,triton_g4dn_xlarge_4,6213,19,6245
559,speech_recognition,triton_t2_large_15,5656,589,6259
563,speech_recognition,triton_t2_large_3,5688,582,6283
613,object_detection,triton_t2_large_1,6233,39,6285
564,speech_recognition,triton_t2_large_13,5704,579,6296
614,question_answering,triton_t2_large_4,6256,31,6300
615,question_answering,triton_t2_large_11,6271,34,6318
618,image_classification,triton_g4dn_xlarge_3,6301,8,6322
616,object_detection,triton_t2_large_15,6282,48,6344
617,question_answering,triton_t2_large_13,6287,44,6344
619,speech_recognition,triton_g4dn_xlarge_4,6314,18,6346
620,image_classification,triton_g4dn_xlarge_1,6336,9,6358
621,object_detection,triton_t2_large_1,6337,32,6382
627,image_classification,triton_g4dn_xlarge_3,6372,8,6392
629,question_answering,triton_g4dn_xlarge_1,6379,4,6396
623,question_answering,triton_t2_large_4,6359,32,6404
624,question_answering,triton_t2_large_11,6360,31,6404
626,question_answering,triton_t2_large_13,6368,36,6417
628,speech_recognition,triton_g4dn_xlarge_4,6378,25,6417
622,image_classification,triton_t2_large_3,6344,71,6429
625,image_classification,triton_t2_large_15,6364,71,6448
634,object_detection,triton_g4dn_xlarge_3,6429,9,6452
635,image_classification,triton_g4dn_xlarge_4,6430,9,6452
582,speech_recognition,triton_t2_large_2,5882,569,6465
636,speech_recognition,triton_g4dn_xlarge_1,6437,19,6469
631,image_classification,triton_t2_large_4,6394,81,6488
590,speech_recognition,triton_t2_large_6,5933,560,6506
640,object_detection,triton_g4dn_xlarge_3,6498,19,6530
642,image_classification,triton_g4dn_xlarge_1,6507,17,6537
638,object_detection,triton_t2_large_2,6475,49,6537
641,speech_recognition,triton_g4dn_xlarge_4,6503,22,6538
646,speech_recognition,triton_g4dn_xlarge_3,6532,24,6569
639,image_classification,triton_t2_large_15,6480,76,6569
644,object_detection,triton_t2_large_4,6526,31,6571
647,object_detection,triton_g4dn_xlarge_4,6547,14,6574
645,object_detection,triton_t2_large_2,6530,37,6581
648,speech_recognition,triton_g4dn_xlarge_1,6553,21,6587
652,speech_recognition,triton_g4dn_xlarge_3,6559,20,6592
653,speech_recognition,triton_g4dn_xlarge_4,6560,19,6593
592,speech_recognition,triton_t2_large_5,5997,584,6594
649,image_classification,triton_g4dn_xlarge_1,6556,9,6600
643,image_classification,triton_t2_large_6,6522,74,6609
650,question_answering,triton_t2_large_4,6559,42,6614
656,image_classification,triton_g4dn_xlarge_3,6579,12,6614
658,image_classification,triton_g4dn_xlarge_1,6597,9,6620
657,speech_recognition,triton_g4dn_xlarge_4,6597,19,6629
661,image_classification,triton_g4dn_xlarge_3,6622,7,6643
659,question_answering,triton_t2_large_6,6612,29,6655
662,image_classification,triton_g4dn_xlarge_4,6646,8,6667
663,speech_recognition,triton_g4dn_xlarge_1,6654,20,6687
660,image_classification,triton_t2_large_4,6613,72,6698
600,speech_recognition,triton_t2_large_12,6124,581,6718
666,object_detection,triton_g4dn_xlarge_3,6703,9,6726
601,speech_recognition,triton_t2_large_16,6129,589,6731
665,question_answering,triton_t2_large_4,6702,31,6747
664,image_classification,triton_t2_large_6,6673,67,6754
667,speech_recognition,triton_g4dn_xlarge_4,6723,19,6755
668,object_detection,triton_g4dn_xlarge_1,6748,14,6776
611,speech_recognition,triton_t2_large_7,6220,563,6796
670,object_detection,triton_t2_large_4,6772,26,6812
673,image_classification,triton_g4dn_xlarge_3,6817,7,6838
612,speech_recognition,triton_t2_large_8,6231,598,6842
669,image_classification,triton_t2_large_6,6765,67,6846
672,question_answering,triton_t2_large_16,6797,43,6854
674,question_answering,triton_g4dn_xlarge_4,6840,3,6857
675,object_detection,triton_g4dn_xlarge_1,6848,11,6872
681,question_answering,triton_g4dn_xlarge_3,6882,3,6899
676,question_answering,triton_t2_large_7,6860,30,6904
682,speech_recognition,triton_g4dn_xlarge_4,6885,19,6917
683,image_classification,triton_g4dn_xlarge_1,6895,9,6918
678,object_detection,triton_t2_large_8,6871,51,6935
686,question_answering,triton_g4dn_xlarge_4,6919,3,6936
685,image_classification,triton_g4dn_xlarge_3,6912,12,6938
684,object_detection,triton_t2_large_7,6902,28,6944
687,question_answering,triton_g4dn_xlarge_1,6932,3,6949
630,speech_recognition,triton_t2_large_1,6380,566,6959
679,image_classification,triton_t2_large_4,6876,75,6965
692,question_answering,triton_g4dn_xlarge_3,6959,3,6975
688,object_detection,triton_t2_large_7,6949,25,6987
693,object_detection,triton_g4dn_xlarge_4,6977,9,7000
632,speech_recognition,triton_t2_large_11,6425,562,7001
689,question_answering,triton_t2_large_8,6952,39,7005
691,question_answering,triton_t2_large_4,6954,42,7009
694,speech_recognition,triton_g4dn_xlarge_1,6981,20,7014
633,speech_recognition,triton_t2_large_13,6426,579,7018
697,image_classification,triton_g4dn_xlarge_3,7004,7,7025
698,image_classification,triton_g4dn_xlarge_4,7009,8,7030
695,question_answering,triton_t2_large_7,6982,36,7032
699,image_classification,triton_g4dn_xlarge_1,7014,8,7036
637,speech_recognition,triton_t2_large_3,6444,582,7039
690,image_classification,triton_t2_large_1,6954,74,7042
706,question_answering,triton_g4dn_xlarge_3,7091,3,7108
703,object_detection,triton_t2_large_3,7068,34,7116
704,object_detection,triton_t2_large_4,7075,27,7116
700,image_classification,triton_t2_large_7,7039,66,7119
705,question_answering,triton_t2_large_13,7076,31,7121
707,question_answering,triton_g4dn_xlarge_4,7107,3,7124
702,image_classification,triton_t2_large_1,7046,68,7128
654,speech_recognition,triton_t2_large_2,6569,573,7156
651,speech_recognition,triton_t2_large_15,6559,589,7161
708,object_detection,triton_g4dn_xlarge_1,7137,11,7162
655,speech_recognition,triton_t2_large_5,6578,580,7182
709,object_detection,triton_t2_large_7,7151,30,7194
717,object_detection,triton_g4dn_xlarge_3,7234,10,7257
714,object_detection,triton_t2_large_2,7203,40,7257
713,image_classification,triton_t2_large_5,7176,73,7263
715,object_detection,triton_t2_large_15,7212,38,7264
718,speech_recognition,triton_g4dn_xlarge_4,7237,18,7269
719,image_classification,triton_g4dn_xlarge_1,7249,8,7270
716,question_answering,triton_t2_large_13,7227,35,7277
720,question_answering,triton_t2_large_7,7258,34,7306
725,image_classification,triton_g4dn_xlarge_3,7288,8,7310
721,question_answering,triton_t2_large_5,7262,34,7310
726,image_classification,triton_g4dn_xlarge_4,7294,8,7316
722,object_detection,triton_t2_large_2,7267,36,7317
727,object_detection,triton_g4dn_xlarge_1,7297,10,7321
724,object_detection,triton_t2_large_13,7285,33,7332
723,image_classification,triton_t2_large_15,7278,75,7367
732,speech_recognition,triton_g4dn_xlarge_3,7339,18,7372
731,object_detection,triton_t2_large_13,7329,30,7373
734,question_answering,triton_g4dn_xlarge_1,7362,3,7380
733,speech_recognition,triton_g4dn_xlarge_4,7357,18,7389
671,speech_recognition,triton_t2_large_12,6782,595,7391
738,object_detection,triton_g4dn_xlarge_3,7407,10,7431
677,speech_recognition,triton_t2_large_6,6862,557,7433
740,object_detection,triton_g4dn_xlarge_1,7409,12,7434
739,speech_recognition,triton_g4dn_xlarge_4,7407,21,7442
735,question_answering,triton_t2_large_12,7400,32,7446
736,question_answering,triton_t2_large_15,7401,35,7450
737,question_answering,triton_t2_large_13,7402,38,7454
741,object_detection,triton_t2_large_6,7424,35,7473
680,speech_recognition,triton_t2_large_16,6881,607,7501
745,object_detection,triton_g4dn_xlarge_3,7479,8,7502
746,question_answering,triton_g4dn_xlarge_4,7485,3,7502
747,image_classification,triton_g4dn_xlarge_1,7498,8,7520
742,image_classification,triton_t2_large_12,7449,69,7533
751,question_answering,triton_g4dn_xlarge_3,7542,3,7559
753,question_answering,triton_g4dn_xlarge_1,7547,3,7565
748,question_answering,triton_t2_large_6,7521,29,7565
696,speech_recognition,triton_t2_large_11,6990,563,7567
752,speech_recognition,triton_g4dn_xlarge_4,7545,18,7577
750,question_answering,triton_t2_large_16,7531,42,7588
756,object_detection,triton_g4dn_xlarge_3,7568,9,7591
757,image_classification,triton_g4dn_xlarge_4,7576,8,7598
754,question_answering,triton_t2_large_6,7562,29,7607
758,speech_recognition,triton_g4dn_xlarge_1,7583,19,7616
760,image_classification,triton_g4dn_xlarge_3,7596,7,7617
761,image_classification,triton_g4dn_xlarge_4,7607,8,7629
759,question_answering,triton_t2_large_16,7588,35,7637
762,image_classification,triton_g4dn_xlarge_1,7622,8,7644
701,speech_recognition,triton_t2_large_8,7045,592,7651
764,object_detection,triton_t2_large_8,7647,28,7689
763,question_answering,triton_t2_large_6,7646,29,7690
765,question_answering,triton_t2_large_16,7648,35,7697
766,speech_recognition,triton_g4dn_xlarge_3,7676,18,7708
767,speech_recognition,triton_g4dn_xlarge_4,7678,19,7711
768,question_answering,triton_g4dn_xlarge_1,7695,4,7714
711,speech_recognition,triton_t2_large_3,7157,572,7743
773,image_classification,triton_g4dn_xlarge_4,7725,8,7747
710,speech_recognition,triton_t2_large_1,7152,581,7747
712,speech_recognition,triton_t2_large_4,7174,561,7750
774,object_detection,triton_g4dn_xlarge_1,7727,11,7752
772,speech_recognition,triton_g4dn_xlarge_3,7725,19,7758
769,object_detection,triton_t2_large_6,7698,47,7759
776,question_answering,triton_g4dn_xlarge_4,7732,3,7760
771,object_detection,triton_t2_large_16,7712,50,7776
770,image_classification,triton_t2_large_8,7699,71,7784
778,object_detection,triton_g4dn_xlarge_1,7767,18,7798
777,object_detection,triton_t2_large_4,7742,45,7801
775,object_detection,triton_t2_large_3,7730,58,7802
780,object_detection,triton_t2_large_8,7776,33,7824
785,image_classification,triton_g4dn_xlarge_3,7846,7,7868
779,image_classification,triton_t2_large_6,7769,85,7869
786,image_classification,triton_g4dn_xlarge_4,7849,7,7871
728,speech_recognition,triton_t2_large_7,7297,570,7881
787,speech_recognition,triton_g4dn_xlarge_1,7851,19,7885
784,question_answering,triton_t2_large_16,7846,36,7896
729,speech_recognition,triton_t2_large_5,7315,578,7906
730,speech_recognition,triton_t2_large_2,7322,571,7906
783,image_classification,triton_t2_large_4,7834,68,7915
788,object_detection,triton_t2_large_7,7869,39,7923
794,image_classification,triton_g4dn_xlarge_3,7902,8,7924
790,object_detection,triton_t2_large_8,7883,26,7924
795,question_answering,triton_g4dn_xlarge_4,7924,3,7941
792,question_answering,triton_t2_large_2,7897,44,7955
796,question_answering,triton_g4dn_xlarge_1,7940,4,7959
797,question_answering,triton_t2_large_7,7944,30,7989
798,object_detection,triton_t2_large_8,7950,29,7993
801,question_answering,triton_g4dn_xlarge_3,7982,3,7999
799,question_answering,triton_t2_large_4,7965,31,8010
800,question_answering,triton_t2_large_2,7970,32,8016
802,question_answering,triton_g4dn_xlarge_4,8031,3,8048
803,image_classification,triton_g4dn_xlarge_1,8032,8,8055
744,speech_recognition,triton_t2_large_13,7463,582,8058
743,speech_recognition,triton_t2_large_15,7462,590,8066
749,speech_recognition,triton_t2_large_12,7524,581,8119
811,object_detection,triton_g4dn_xlarge_4,8110,10,8134
812,object_detection,triton_g4dn_xlarge_1,8111,13,8138
810,speech_recognition,triton_g4dn_xlarge_3,8106,18,8139
755,speech_recognition,triton_t2_large_11,7564,565,8143
808,question_answering,triton_t2_large_15,8096,36,8147
815,question_answering,triton_g4dn_xlarge_3,8153,3,8170
816,image_classification,triton_g4dn_xlarge_4,8155,8,8177
817,speech_recognition,triton_g4dn_xlarge_1,8157,19,8191
819,object_detection,triton_g4dn_xlarge_3,8169,9,8192
820,object_detection,triton_g4dn_xlarge_4,8170,11,8195
814,question_answering,triton_t2_large_15,8150,36,8199
821,image_classification,triton_g4dn_xlarge_1,8182,8,8204
818,question_answering,triton_t2_large_11,8166,31,8211
824,question_answering,triton_g4dn_xlarge_3,8228,3,8245
825,speech_recognition,triton_g4dn_xlarge_4,8237,18,8270
823,question_answering,triton_t2_large_15,8222,37,8273
826,speech_recognition,triton_g4dn_xlarge_1,8271,19,8304
822,image_classification,triton_t2_large_11,8222,69,8306
828,object_detection,triton_g4dn_xlarge_3,8292,9,8316
829,object_detection,triton_g4dn_xlarge_4,8310,9,8334
830,speech_recognition,triton_g4dn_xlarge_1,8328,20,8362
827,image_classification,triton_t2_large_15,8275,73,8362
831,object_detection,triton_t2_large_11,8346,29,8391
833,image_classification,triton_g4dn_xlarge_3,8368,8,8391
835,image_classification,triton_g4dn_xlarge_1,8375,8,8398
781,speech_recognition,triton_t2_large_1,7810,576,8400
834,speech_recognition,triton_g4dn_xlarge_4,8372,19,8406
839,question_answering,triton_g4dn_xlarge_1,8390,5,8409
838,question_answering,triton_g4dn_xlarge_3,8390,4,8409
782,speech_recognition,triton_t2_large_3,7818,582,8414
832,question_answering,triton_t2_large_15,8349,51,8415
840,object_detection,triton_g4dn_xlarge_4,8394,9,8418
841,image_classification,triton_g4dn_xlarge_1,8396,8,8419
836,object_detection,triton_t2_large_1,8386,39,8440
844,object_detection,triton_g4dn_xlarge_3,8427,9,8451
789,speech_recognition,triton_t2_large_6,7879,559,8452
845,object_detection,triton_g4dn_xlarge_4,8434,10,8459
842,question_answering,triton_t2_large_3,8411,35,8461
846,speech_recognition,triton_g4dn_xlarge_1,8435,21,8471
791,speech_recognition,triton_t2_large_5,7896,575,8485
843,image_classification,triton_t2_large_15,8417,71,8502
793,speech_recognition,triton_t2_large_16,7901,593,8508
852,object_detection,triton_g4dn_xlarge_4,8486,9,8510
853,image_classification,triton_g4dn_xlarge_1,8487,9,8511
851,speech_recognition,triton_g4dn_xlarge_3,8483,18,8515
848,question_answering,triton_t2_large_1,8466,37,8518
849,object_detection,triton_t2_large_3,8474,33,8522
847,image_classification,triton_t2_large_6,8465,68,8549
856,object_detection,triton_t2_large_15,8537,29,8580
858,object_detection,triton_g4dn_xlarge_3,8604,14,8632
804,speech_recognition,triton_t2_large_7,8059,571,8644
857,image_classification,triton_t2_large_16,8565,79,8659
859,image_classification,triton_g4dn_xlarge_4,8640,7,8662
860,image_classification,triton_g4dn_xlarge_1,8643,8,8666
806,speech_recognition,triton_t2_large_4,8091,568,8674
807,speech_recognition,triton_t2_large_2,8095,570,8679
805,speech_recognition,triton_t2_large_8,8070,596,8680
809,speech_recognition,triton_t2_large_13,8101,575,8690
813,speech_recognition,triton_t2_large_12,8114,585,8714
863,question_answering,triton_t2_large_8,8675,43,8733
864,object_detection,triton_t2_large_4,8687,37,8739
862,image_classification,triton_t2_large_6,8658,72,8745
866,question_answering,triton_t2_large_12,8720,32,8767
867,object_detection,triton_t2_large_15,8726,28,8769
870,question_answering,triton_g4dn_xlarge_3,8760,3,8778
868,question_answering,triton_t2_large_16,8730,39,8784
871,question_answering,triton_g4dn_xlarge_4,8780,4,8798
869,object_detection,triton_t2_large_13,8754,30,8799
872,question_answering,triton_g4dn_xlarge_1,8783,3,8801
873,question_answering,triton_t2_large_6,8785,31,8831
874,question_answering,triton_t2_large_8,8787,35,8837
875,object_detection,triton_t2_large_4,8812,29,8855
881,question_answering,triton_g4dn_xlarge_4,8876,3,8893
882,question_answering,triton_g4dn_xlarge_1,8877,3,8895
880,speech_recognition,triton_g4dn_xlarge_3,8862,19,8897
876,image_classification,triton_t2_large_12,8813,72,8899
877,image_classification,triton_t2_large_15,8815,77,8907
879,object_detection,triton_t2_large_13,8860,34,8910
878,image_classification,triton_t2_large_16,8842,75,8932
883,question_answering,triton_t2_large_6,8894,30,8938
889,object_detection,triton_g4dn_xlarge_3,8922,9,8946
885,question_answering,triton_t2_large_4,8906,45,8965
837,speech_recognition,triton_t2_large_11,8390,562,8967
888,question_answering,triton_t2_large_13,8917,40,8972
890,image_classification,triton_g4dn_xlarge_4,8964,8,8987
891,speech_recognition,triton_g4dn_xlarge_1,8982,19,9016
892,question_answering,triton_t2_large_6,8994,39,9047
893,question_answering,triton_t2_large_4,9008,31,9053
897,object_detection,triton_g4dn_xlarge_3,9032,10,9056
894,question_answering,triton_t2_large_11,9019,30,9064
850,speech_recognition,triton_t2_large_5,8482,568,9065
899,image_classification,triton_g4dn_xlarge_1,9044,9,9068
895,question_answering,triton_t2_large_16,9027,35,9077
898,speech_recognition,triton_g4dn_xlarge_4,9044,18,9077
854,speech_recognition,triton_t2_large_1,8511,571,9096
855,speech_recognition,triton_t2_large_3,8533,567,9115
896,image_classification,triton_t2_large_13,9030,75,9120
901,image_classification,triton_t2_large_4,9080,67,9162
904,object_detection,triton_t2_large_16,9122,36,9172
906,speech_recognition,triton_g4dn_xlarge_3,9147,18,9180
902,image_classification,triton_t2_large_5,9103,93,9211
905,image_classification,triton_t2_large_13,9139,67,9221
908,question_answering,triton_g4dn_xlarge_1,9206,3,9224
907,speech_recognition,triton_g4dn_xlarge_4,9199,18,9232
861,speech_recognition,triton_t2_large_7,8655,562,9232
909,question_answering,triton_t2_large_1,9210,39,9264
865,speech_recognition,triton_t2_large_2,8690,592,9296
912,question_answering,triton_t2_large_5,9259,31,9306
915,object_detection,triton_g4dn_xlarge_3,9288,11,9313
910,image_classification,triton_t2_large_3,9229,74,9318
916,image_classification,triton_g4dn_xlarge_4,9303,8,9325
917,image_classification,triton_g4dn_xlarge_1,9316,8,9340
913,image_classification,triton_t2_large_16,9261,75,9351
918,object_detection,triton_t2_large_7,9325,30,9370
914,image_classification,triton_t2_large_13,9288,78,9380
920,question_answering,triton_t2_large_3,9349,36,9400
926,image_classification,triton_g4dn_xlarge_4,9391,10,9415
925,object_detection,triton_g4dn_xlarge_3,9391,11,9417
927,object_detection,triton_g4dn_xlarge_1,9408,10,9432
921,image_classification,triton_t2_large_5,9350,70,9435
919,image_classification,triton_t2_large_1,9347,74,9436
924,question_answering,triton_t2_large_13,9391,31,9436
933,question_answering,triton_g4dn_xlarge_3,9469,3,9487
929,question_answering,triton_t2_large_1,9441,32,9488
935,question_answering,triton_g4dn_xlarge_1,9481,3,9499
884,speech_recognition,triton_t2_large_8,8894,594,9502
937,object_detection,triton_g4dn_xlarge_3,9483,10,9508
934,speech_recognition,triton_g4dn_xlarge_4,9479,23,9517
932,question_answering,triton_t2_large_13,9466,36,9517
886,speech_recognition,triton_t2_large_12,8912,590,9517
938,speech_recognition,triton_g4dn_xlarge_1,9489,19,9523
936,object_detection,triton_t2_large_1,9482,33,9530
887,speech_recognition,triton_t2_large_15,8917,603,9534
939,object_detection,triton_t2_large_8,9497,30,9543
931,image_classification,triton_t2_large_5,9454,76,9545
940,question_answering,triton_t2_large_1,9529,32,9576
945,question_answering,triton_g4dn_xlarge_3,9573,3,9591
941,question_answering,triton_t2_large_5,9533,47,9594
943,question_answering,triton_t2_large_15,9546,35,9597
944,object_detection,triton_t2_large_13,9549,34,9598
946,image_classification,triton_g4dn_xlarge_4,9578,8,9601
947,question_answering,triton_g4dn_xlarge_1,9587,3,9606
949,object_detection,triton_t2_large_1,9601,27,9642
900,speech_recognition,triton_t2_large_6,9073,566,9653
950,object_detection,triton_t2_large_5,9619,29,9664
954,image_classification,triton_g4dn_xlarge_4,9651,7,9673
953,speech_recognition,triton_g4dn_xlarge_3,9646,18,9680
952,object_detection,triton_t2_large_13,9642,27,9684
903,speech_recognition,triton_t2_large_11,9111,564,9690
955,image_classification,triton_g4dn_xlarge_1,9678,8,9701
951,image_classification,triton_t2_large_15,9624,71,9710
957,question_answering,triton_t2_large_1,9697,38,9751
958,object_detection,triton_t2_large_5,9703,36,9754
959,question_answering,triton_t2_large_11,9710,31,9755
960,question_answering,triton_t2_large_15,9712,35,9763
956,object_detection,triton_t2_large_6,9694,58,9767
962,speech_recognition,triton_g4dn_xlarge_3,9737,18,9771
963,object_detection,triton_g4dn_xlarge_4,9754,9,9779
964,object_detection,triton_g4dn_xlarge_1,9758,10,9783
966,object_detection,triton_t2_large_1,9769,26,9810
911,speech_recognition,triton_t2_large_4,9248,563,9826
967,object_detection,triton_t2_large_5,9777,35,9827
968,question_answering,triton_t2_large_11,9796,30,9842
971,image_classification,triton_g4dn_xlarge_4,9823,8,9846
970,speech_recognition,triton_g4dn_xlarge_3,9822,18,9855
972,object_detection,triton_g4dn_xlarge_1,9838,12,9865
973,object_detection,triton_t2_large_1,9839,28,9882
969,image_classification,triton_t2_large_15,9814,71,9900
975,object_detection,triton_t2_large_5,9858,31,9904
974,image_classification,triton_t2_large_4,9845,68,9928
922,speech_recognition,triton_t2_large_2,9355,587,9957
928,speech_recognition,triton_t2_large_7,9411,569,9994
923,speech_recognition,triton_t2_large_16,9389,592,9996
978,speech_recognition,triton_g4dn_xlarge_3,9975,18,10009
979,speech_recognition,triton_g4dn_xlarge_4,9983,18,10016
980,speech_recognition,triton_g4dn_xlarge_1,10003,19,10038
930,speech_recognition,triton_t2_large_3,9447,577,10039
981,image_classification,triton_t2_large_7,10027,71,10114
982,image_classification,triton_t2_large_1,10029,77,10121
988,image_classification,triton_g4dn_xlarge_3,10097,9,10121
989,image_classification,triton_g4dn_xlarge_4,10099,8,10122
990,image_classification,triton_g4dn_xlarge_1,10104,8,10128
942,speech_recognition,triton_t2_large_12,9535,582,10132
985,image_classification,triton_t2_large_5,10078,70,10163
984,image_classification,triton_t2_large_4,10077,74,10167
987,image_classification,triton_t2_large_16,10093,82,10190
991,image_classification,triton_t2_large_7,10111,65,10192
948,speech_recognition,triton_t2_large_8,9594,596,10205
992,image_classification,triton_t2_large_1,10151,69,10235
993,image_classification,triton_t2_large_4,10174,69,10258
994,image_classification,triton_t2_large_5,10245,68,10328
961,speech_recognition,triton_t2_large_13,9734,580,10329
997,image_classification,triton_g4dn_xlarge_3,10314,8,10337
965,speech_recognition,triton_t2_large_6,9762,564,10340
995,image_classification,triton_t2_large_12,10256,78,10350
996,image_classification,triton_t2_large_16,10264,75,10355
998,image_classification,triton_g4dn_xlarge_4,10392,8,10416
999,image_classification,triton_g4dn_xlarge_1,10425,15,10455
976,speech_recognition,triton_t2_large_11,9887,562,10465
977,speech_recognition,triton_t2_large_15,9905,594,10514
1000,image_classification,triton_t2_large_7,10474,66,10556
983,speech_recognition,triton_t2_large_3,10036,569,10620
986,speech_recognition,triton_t2_large_2,10090,580,10686
