task_id,task_type,assigned_machine,arrival_time,inference_time,completion_time
3,object_detection,triton_g4dn_xlarge_3,0,20,23
2,object_detection,triton_c5_2xlarge_2,0,33,36
4,object_detection,triton_g4dn_xlarge_3,0,14,40
235,object_detection,triton_g4dn_xlarge_3,0,12,52
1,object_detection,triton_c5_2xlarge_1,0,51,54
5,object_detection,triton_c5_2xlarge_2,0,17,54
8,object_detection,triton_g4dn_xlarge_3,0,15,74
7,object_detection,triton_c5_2xlarge_2,0,18,77
242,object_detection,triton_g4dn_xlarge_3,0,16,90
6,object_detection,triton_c5_2xlarge_1,0,32,92
9,object_detection,triton_c5_2xlarge_2,0,21,103
10,object_detection,triton_g4dn_xlarge_3,0,12,105
73,object_detection,triton_g4dn_xlarge_3,0,12,118
12,object_detection,triton_c5_2xlarge_2,0,22,126
11,object_detection,triton_c5_2xlarge_1,0,36,129
119,object_detection,triton_g4dn_xlarge_3,0,15,133
74,object_detection,triton_c5_2xlarge_2,0,16,143
13,object_detection,triton_g4dn_xlarge_3,0,10,145
165,object_detection,triton_c5_2xlarge_1,0,26,156
15,object_detection,triton_g4dn_xlarge_3,0,15,161
14,object_detection,triton_c5_2xlarge_2,0,20,167
167,object_detection,triton_g4dn_xlarge_3,0,20,183
16,object_detection,triton_c5_2xlarge_1,0,26,184
17,object_detection,triton_c5_2xlarge_2,0,26,194
168,object_detection,triton_g4dn_xlarge_3,0,10,195
169,object_detection,triton_c5_2xlarge_1,0,27,212
171,object_detection,triton_g4dn_xlarge_3,0,21,218
170,object_detection,triton_c5_2xlarge_2,0,34,230
172,object_detection,triton_g4dn_xlarge_3,0,19,237
42,object_detection,triton_c5_2xlarge_1,0,29,242
230,object_detection,triton_c5_2xlarge_2,0,15,246
173,object_detection,triton_g4dn_xlarge_3,0,11,250
197,object_detection,triton_g4dn_xlarge_3,0,9,259
70,object_detection,triton_c5_2xlarge_2,0,16,262
18,object_detection,triton_c5_2xlarge_1,0,19,263
174,object_detection,triton_g4dn_xlarge_3,0,9,270
232,object_detection,triton_c5_2xlarge_2,0,16,279
175,object_detection,triton_g4dn_xlarge_3,0,10,281
231,object_detection,triton_c5_2xlarge_1,0,19,281
122,object_detection,triton_c5_2xlarge_2,0,15,295
176,object_detection,triton_g4dn_xlarge_3,0,14,295
177,object_detection,triton_c5_2xlarge_1,0,21,303
248,object_detection,triton_g4dn_xlarge_3,0,14,310
233,object_detection,triton_c5_2xlarge_2,0,19,314
87,object_detection,triton_g4dn_xlarge_3,0,11,323
178,object_detection,triton_c5_2xlarge_1,0,18,323
179,object_detection,triton_c5_2xlarge_2,0,16,332
135,object_detection,triton_g4dn_xlarge_3,0,12,335
136,object_detection,triton_c5_2xlarge_1,0,20,343
180,object_detection,triton_g4dn_xlarge_3,0,11,348
88,object_detection,triton_c5_2xlarge_2,0,19,350
216,object_detection,triton_g4dn_xlarge_3,0,14,362
96,object_detection,triton_c5_2xlarge_1,0,19,362
43,object_detection,triton_g4dn_xlarge_3,0,10,373
19,object_detection,triton_c5_2xlarge_2,0,26,376
44,object_detection,triton_c5_2xlarge_1,0,20,384
45,object_detection,triton_g4dn_xlarge_3,0,10,384
137,object_detection,triton_c5_2xlarge_2,0,18,396
46,object_detection,triton_g4dn_xlarge_3,0,12,397
47,object_detection,triton_c5_2xlarge_1,0,20,405
97,object_detection,triton_g4dn_xlarge_3,0,17,414
48,object_detection,triton_c5_2xlarge_2,0,20,416
49,object_detection,triton_c5_2xlarge_1,0,22,429
51,object_detection,triton_g4dn_xlarge_3,0,12,429
50,object_detection,triton_c5_2xlarge_2,0,20,437
77,object_detection,triton_g4dn_xlarge_3,0,10,440
76,object_detection,triton_c5_2xlarge_1,0,18,448
78,object_detection,triton_g4dn_xlarge_3,0,10,450
52,object_detection,triton_c5_2xlarge_2,0,19,458
79,object_detection,triton_g4dn_xlarge_3,0,17,470
53,object_detection,triton_c5_2xlarge_1,0,23,472
55,object_detection,triton_g4dn_xlarge_3,0,9,480
54,object_detection,triton_c5_2xlarge_2,0,26,486
56,object_detection,triton_g4dn_xlarge_3,0,10,491
80,object_detection,triton_c5_2xlarge_1,0,18,492
57,object_detection,triton_g4dn_xlarge_3,0,9,502
181,object_detection,triton_c5_2xlarge_2,0,18,506
59,object_detection,triton_g4dn_xlarge_3,0,18,522
58,object_detection,triton_c5_2xlarge_1,0,29,522
110,object_detection,triton_c5_2xlarge_2,0,16,523
60,object_detection,triton_g4dn_xlarge_3,0,22,548
62,object_detection,triton_c5_2xlarge_2,0,22,548
61,object_detection,triton_c5_2xlarge_1,0,33,559
111,object_detection,triton_g4dn_xlarge_3,0,10,561
112,object_detection,triton_c5_2xlarge_2,0,19,569
113,object_detection,triton_g4dn_xlarge_3,0,10,572
114,object_detection,triton_c5_2xlarge_1,0,20,582
116,object_detection,triton_g4dn_xlarge_3,0,13,586
115,object_detection,triton_c5_2xlarge_2,0,18,591
247,object_detection,triton_g4dn_xlarge_3,0,10,597
117,object_detection,triton_c5_2xlarge_1,0,19,603
218,object_detection,triton_g4dn_xlarge_3,0,11,608
118,object_detection,triton_c5_2xlarge_2,0,17,612
240,object_detection,triton_g4dn_xlarge_3,0,10,618
120,object_detection,triton_c5_2xlarge_1,0,20,626
241,object_detection,triton_g4dn_xlarge_3,0,11,629
121,object_detection,triton_c5_2xlarge_2,0,17,634
215,object_detection,triton_g4dn_xlarge_3,0,9,638
123,object_detection,triton_c5_2xlarge_1,0,19,646
158,object_detection,triton_g4dn_xlarge_3,0,11,650
124,object_detection,triton_c5_2xlarge_2,0,18,656
182,object_detection,triton_g4dn_xlarge_3,0,9,660
125,object_detection,triton_c5_2xlarge_1,0,22,672
127,object_detection,triton_g4dn_xlarge_3,0,14,674
126,object_detection,triton_c5_2xlarge_2,0,17,677
221,object_detection,triton_g4dn_xlarge_3,0,9,683
151,object_detection,triton_c5_2xlarge_1,0,18,690
154,object_detection,triton_g4dn_xlarge_3,0,10,694
128,object_detection,triton_c5_2xlarge_2,0,16,697
155,object_detection,triton_g4dn_xlarge_3,0,12,707
129,object_detection,triton_c5_2xlarge_1,0,20,713
29,object_detection,triton_g4dn_xlarge_3,0,9,716
130,object_detection,triton_c5_2xlarge_2,0,16,719
184,object_detection,triton_g4dn_xlarge_3,0,10,726
131,object_detection,triton_c5_2xlarge_1,0,20,734
156,object_detection,triton_g4dn_xlarge_3,0,11,738
132,object_detection,triton_c5_2xlarge_2,0,16,740
193,object_detection,triton_g4dn_xlarge_3,0,11,749
133,object_detection,triton_c5_2xlarge_1,0,20,755
196,object_detection,triton_g4dn_xlarge_3,0,13,762
84,object_detection,triton_c5_2xlarge_2,0,22,762
134,object_detection,triton_c5_2xlarge_1,0,18,774
86,object_detection,triton_g4dn_xlarge_3,0,14,776
85,object_detection,triton_c5_2xlarge_2,0,20,783
139,object_detection,triton_g4dn_xlarge_3,0,11,789
138,object_detection,triton_c5_2xlarge_1,0,19,797
28,object_detection,triton_c5_2xlarge_2,0,17,800
157,object_detection,triton_g4dn_xlarge_3,0,9,801
160,object_detection,triton_g4dn_xlarge_3,0,11,813
140,object_detection,triton_c5_2xlarge_1,0,21,821
159,object_detection,triton_c5_2xlarge_2,0,20,822
206,object_detection,triton_g4dn_xlarge_3,0,12,828
141,object_detection,triton_c5_2xlarge_1,0,17,839
161,object_detection,triton_c5_2xlarge_2,0,17,841
142,object_detection,triton_g4dn_xlarge_3,0,9,842
145,object_detection,triton_g4dn_xlarge_3,0,11,855
144,object_detection,triton_c5_2xlarge_2,0,20,864
143,object_detection,triton_c5_2xlarge_1,0,20,864
162,object_detection,triton_g4dn_xlarge_3,0,8,865
148,object_detection,triton_g4dn_xlarge_3,0,11,877
147,object_detection,triton_c5_2xlarge_2,0,20,885
146,object_detection,triton_c5_2xlarge_1,0,20,886
163,object_detection,triton_g4dn_xlarge_3,0,11,890
207,object_detection,triton_g4dn_xlarge_3,0,9,902
149,object_detection,triton_c5_2xlarge_1,0,18,906
150,object_detection,triton_c5_2xlarge_2,0,18,906
208,object_detection,triton_g4dn_xlarge_3,0,10,914
209,object_detection,triton_g4dn_xlarge_3,0,9,925
153,object_detection,triton_c5_2xlarge_2,0,18,928
152,object_detection,triton_c5_2xlarge_1,0,20,929
210,object_detection,triton_g4dn_xlarge_3,0,9,937
83,object_detection,triton_c5_2xlarge_2,0,17,945
211,object_detection,triton_g4dn_xlarge_3,0,9,947
164,object_detection,triton_c5_2xlarge_1,0,18,951
213,object_detection,triton_g4dn_xlarge_3,0,11,960
212,object_detection,triton_c5_2xlarge_2,0,21,970
63,object_detection,triton_g4dn_xlarge_3,0,10,971
166,object_detection,triton_c5_2xlarge_1,0,17,973
217,object_detection,triton_g4dn_xlarge_3,0,10,981
214,object_detection,triton_c5_2xlarge_2,0,17,988
219,object_detection,triton_g4dn_xlarge_3,0,9,991
183,object_detection,triton_c5_2xlarge_1,0,18,995
222,object_detection,triton_g4dn_xlarge_3,0,10,1003
220,object_detection,triton_c5_2xlarge_2,0,18,1011
223,object_detection,triton_g4dn_xlarge_3,0,9,1013
185,object_detection,triton_c5_2xlarge_1,0,17,1016
225,object_detection,triton_g4dn_xlarge_3,0,10,1025
224,object_detection,triton_c5_2xlarge_2,0,22,1037
69,object_detection,triton_c5_2xlarge_1,0,22,1039
226,object_detection,triton_g4dn_xlarge_3,0,13,1040
186,object_detection,triton_g4dn_xlarge_3,0,11,1052
25,object_detection,triton_c5_2xlarge_2,0,16,1053
187,object_detection,triton_c5_2xlarge_1,0,25,1066
228,object_detection,triton_g4dn_xlarge_3,0,12,1071
227,object_detection,triton_c5_2xlarge_2,0,18,1078
188,object_detection,triton_g4dn_xlarge_3,0,10,1083
229,object_detection,triton_c5_2xlarge_1,0,20,1091
189,object_detection,triton_g4dn_xlarge_3,0,9,1092
234,object_detection,triton_c5_2xlarge_2,0,19,1101
237,object_detection,triton_g4dn_xlarge_3,0,13,1107
236,object_detection,triton_c5_2xlarge_1,0,23,1117
238,object_detection,triton_c5_2xlarge_2,0,16,1121
239,object_detection,triton_g4dn_xlarge_3,0,10,1126
190,object_detection,triton_c5_2xlarge_1,0,20,1137
244,object_detection,triton_g4dn_xlarge_3,0,12,1139
243,object_detection,triton_c5_2xlarge_2,0,23,1151
191,object_detection,triton_g4dn_xlarge_3,0,18,1157
245,object_detection,triton_c5_2xlarge_1,0,28,1165
249,object_detection,triton_g4dn_xlarge_3,0,11,1172
246,object_detection,triton_c5_2xlarge_2,0,18,1178
194,object_detection,triton_g4dn_xlarge_3,0,9,1182
21,object_detection,triton_g4dn_xlarge_3,0,11,1193
250,object_detection,triton_c5_2xlarge_1,0,23,1194
20,object_detection,triton_c5_2xlarge_2,0,18,1199
93,object_detection,triton_g4dn_xlarge_3,0,13,1207
22,object_detection,triton_c5_2xlarge_2,0,16,1220
102,object_detection,triton_c5_2xlarge_1,0,28,1223
23,object_detection,triton_g4dn_xlarge_3,0,9,1223
27,object_detection,triton_g4dn_xlarge_3,0,11,1236
26,object_detection,triton_c5_2xlarge_2,0,19,1243
81,object_detection,triton_g4dn_xlarge_3,0,9,1246
24,object_detection,triton_c5_2xlarge_1,0,22,1247
82,object_detection,triton_g4dn_xlarge_3,0,11,1259
30,object_detection,triton_c5_2xlarge_2,0,16,1262
89,object_detection,triton_c5_2xlarge_1,0,25,1273
32,object_detection,triton_g4dn_xlarge_3,0,10,1276
31,object_detection,triton_c5_2xlarge_2,0,17,1283
34,object_detection,triton_g4dn_xlarge_3,0,10,1286
33,object_detection,triton_c5_2xlarge_1,0,22,1298
36,object_detection,triton_g4dn_xlarge_3,0,13,1300
35,object_detection,triton_c5_2xlarge_2,0,22,1309
91,object_detection,triton_g4dn_xlarge_3,0,10,1311
90,object_detection,triton_c5_2xlarge_1,0,22,1324
94,object_detection,triton_g4dn_xlarge_3,0,13,1325
92,object_detection,triton_c5_2xlarge_2,0,22,1334
38,object_detection,triton_g4dn_xlarge_3,0,10,1340
37,object_detection,triton_c5_2xlarge_1,0,23,1353
40,object_detection,triton_g4dn_xlarge_3,0,12,1353
39,object_detection,triton_c5_2xlarge_2,0,19,1360
98,object_detection,triton_g4dn_xlarge_3,0,11,1365
95,object_detection,triton_c5_2xlarge_1,0,22,1376
41,object_detection,triton_c5_2xlarge_2,0,17,1380
64,object_detection,triton_g4dn_xlarge_3,0,10,1383
67,object_detection,triton_g4dn_xlarge_3,0,12,1397
66,object_detection,triton_c5_2xlarge_2,0,22,1406
99,object_detection,triton_g4dn_xlarge_3,0,10,1407
65,object_detection,triton_c5_2xlarge_1,0,23,1408
101,object_detection,triton_g4dn_xlarge_3,0,12,1420
100,object_detection,triton_c5_2xlarge_2,0,22,1429
199,object_detection,triton_g4dn_xlarge_3,0,12,1433
104,object_detection,triton_c5_2xlarge_1,0,25,1433
105,object_detection,triton_c5_2xlarge_2,0,19,1449
68,object_detection,triton_g4dn_xlarge_3,0,11,1450
71,object_detection,triton_c5_2xlarge_1,0,21,1460
106,object_detection,triton_g4dn_xlarge_3,0,10,1462
103,object_detection,triton_c5_2xlarge_2,0,19,1469
108,object_detection,triton_g4dn_xlarge_3,0,11,1473
107,object_detection,triton_c5_2xlarge_1,0,22,1484
200,object_detection,triton_g4dn_xlarge_3,0,17,1491
72,object_detection,triton_c5_2xlarge_2,0,23,1494
75,object_detection,triton_g4dn_xlarge_3,0,12,1504
201,object_detection,triton_c5_2xlarge_1,0,20,1504
202,object_detection,triton_c5_2xlarge_2,0,20,1515
203,object_detection,triton_g4dn_xlarge_3,0,13,1518
204,object_detection,triton_c5_2xlarge_1,0,26,1532
205,object_detection,triton_c5_2xlarge_2,0,18,1535
109,object_detection,triton_g4dn_xlarge_3,0,12,1538
192,object_detection,triton_c5_2xlarge_1,0,20,1555
198,object_detection,triton_g4dn_xlarge_3,0,9,1556
195,object_detection,triton_c5_2xlarge_2,0,19,1556
253,question_answering,triton_g4dn_xlarge_3,0,6,1567
254,question_answering,triton_g4dn_xlarge_3,0,3,1574
252,question_answering,triton_c5_2xlarge_2,0,18,1579
256,question_answering,triton_g4dn_xlarge_3,0,3,1585
255,question_answering,triton_c5_2xlarge_2,0,13,1595
251,question_answering,triton_c5_2xlarge_1,0,35,1596
257,question_answering,triton_g4dn_xlarge_3,0,3,1596
452,question_answering,triton_c5_2xlarge_2,0,12,1607
258,question_answering,triton_g4dn_xlarge_3,0,6,1609
261,question_answering,triton_g4dn_xlarge_3,0,3,1617
259,question_answering,triton_c5_2xlarge_1,0,18,1621
260,question_answering,triton_c5_2xlarge_2,0,14,1628
263,question_answering,triton_g4dn_xlarge_3,0,4,1629
264,question_answering,triton_g4dn_xlarge_3,0,3,1640
457,question_answering,triton_c5_2xlarge_2,0,12,1640
262,question_answering,triton_c5_2xlarge_1,0,18,1644
267,question_answering,triton_g4dn_xlarge_3,0,4,1651
266,question_answering,triton_c5_2xlarge_2,0,13,1660
268,question_answering,triton_g4dn_xlarge_3,0,3,1661
265,question_answering,triton_c5_2xlarge_1,0,18,1665
424,question_answering,triton_c5_2xlarge_2,0,12,1672
269,question_answering,triton_g4dn_xlarge_3,0,3,1672
272,question_answering,triton_g4dn_xlarge_3,0,3,1683
270,question_answering,triton_c5_2xlarge_1,0,18,1687
271,question_answering,triton_c5_2xlarge_2,0,13,1692
274,question_answering,triton_g4dn_xlarge_3,0,3,1693
275,question_answering,triton_g4dn_xlarge_3,0,4,1704
413,question_answering,triton_c5_2xlarge_2,0,12,1704
273,question_answering,triton_c5_2xlarge_1,0,18,1708
278,question_answering,triton_g4dn_xlarge_3,0,4,1715
277,question_answering,triton_c5_2xlarge_2,0,13,1724
279,question_answering,triton_g4dn_xlarge_3,0,4,1726
276,question_answering,triton_c5_2xlarge_1,0,18,1729
280,question_answering,triton_g4dn_xlarge_3,0,4,1737
414,question_answering,triton_c5_2xlarge_2,0,12,1737
283,question_answering,triton_g4dn_xlarge_3,0,4,1749
281,question_answering,triton_c5_2xlarge_1,0,19,1752
282,question_answering,triton_c5_2xlarge_2,0,13,1757
285,question_answering,triton_g4dn_xlarge_3,0,4,1760
286,question_answering,triton_g4dn_xlarge_3,0,4,1771
415,question_answering,triton_c5_2xlarge_2,0,12,1771
284,question_answering,triton_c5_2xlarge_1,0,18,1774
289,question_answering,triton_g4dn_xlarge_3,0,4,1783
288,question_answering,triton_c5_2xlarge_2,0,14,1792
290,question_answering,triton_g4dn_xlarge_3,0,4,1794
287,question_answering,triton_c5_2xlarge_1,0,19,1797
293,question_answering,triton_g4dn_xlarge_3,0,4,1806
292,question_answering,triton_c5_2xlarge_2,0,13,1815
294,question_answering,triton_g4dn_xlarge_3,0,4,1817
291,question_answering,triton_c5_2xlarge_1,0,19,1821
297,question_answering,triton_g4dn_xlarge_3,0,3,1827
296,question_answering,triton_c5_2xlarge_2,0,12,1836
298,question_answering,triton_g4dn_xlarge_3,0,3,1838
295,question_answering,triton_c5_2xlarge_1,0,18,1842
408,question_answering,triton_c5_2xlarge_2,0,12,1848
299,question_answering,triton_g4dn_xlarge_3,0,3,1848
302,question_answering,triton_g4dn_xlarge_3,0,3,1859
300,question_answering,triton_c5_2xlarge_1,0,18,1863
301,question_answering,triton_c5_2xlarge_2,0,13,1869
304,question_answering,triton_g4dn_xlarge_3,0,3,1870
305,question_answering,triton_g4dn_xlarge_3,0,3,1880
450,question_answering,triton_c5_2xlarge_2,0,12,1880
303,question_answering,triton_c5_2xlarge_1,0,18,1885
308,question_answering,triton_g4dn_xlarge_3,0,4,1892
307,question_answering,triton_c5_2xlarge_2,0,13,1901
306,question_answering,triton_c5_2xlarge_1,0,13,1902
309,question_answering,triton_g4dn_xlarge_3,0,3,1902
310,question_answering,triton_g4dn_xlarge_3,0,3,1913
454,question_answering,triton_c5_2xlarge_2,0,12,1913
311,question_answering,triton_c5_2xlarge_1,0,13,1923
313,question_answering,triton_g4dn_xlarge_3,0,3,1924
312,question_answering,triton_c5_2xlarge_2,0,12,1933
315,question_answering,triton_g4dn_xlarge_3,0,3,1934
314,question_answering,triton_c5_2xlarge_1,0,13,1943
439,question_answering,triton_c5_2xlarge_2,0,11,1944
316,question_answering,triton_g4dn_xlarge_3,0,3,1945
318,question_answering,triton_g4dn_xlarge_3,0,3,1955
478,question_answering,triton_c5_2xlarge_1,0,12,1955
317,question_answering,triton_c5_2xlarge_2,0,12,1964
320,question_answering,triton_g4dn_xlarge_3,0,3,1966
319,question_answering,triton_c5_2xlarge_1,0,12,1975
411,question_answering,triton_c5_2xlarge_2,0,12,1976
321,question_answering,triton_g4dn_xlarge_3,0,3,1976
433,question_answering,triton_c5_2xlarge_1,0,12,1987
323,question_answering,triton_g4dn_xlarge_3,0,4,1988
322,question_answering,triton_c5_2xlarge_2,0,13,1998
325,question_answering,triton_g4dn_xlarge_3,0,4,1999
324,question_answering,triton_c5_2xlarge_1,0,13,2009
327,question_answering,triton_g4dn_xlarge_3,0,4,2010
326,question_answering,triton_c5_2xlarge_2,0,13,2020
329,question_answering,triton_g4dn_xlarge_3,0,4,2021
328,question_answering,triton_c5_2xlarge_1,0,13,2031
331,question_answering,triton_g4dn_xlarge_3,0,4,2033
330,question_answering,triton_c5_2xlarge_2,0,13,2042
333,question_answering,triton_g4dn_xlarge_3,0,4,2044
332,question_answering,triton_c5_2xlarge_1,0,13,2053
335,question_answering,triton_g4dn_xlarge_3,0,4,2055
334,question_answering,triton_c5_2xlarge_2,0,13,2064
337,question_answering,triton_g4dn_xlarge_3,0,4,2066
336,question_answering,triton_c5_2xlarge_1,0,13,2075
339,question_answering,triton_g4dn_xlarge_3,0,3,2077
338,question_answering,triton_c5_2xlarge_2,0,13,2086
341,question_answering,triton_g4dn_xlarge_3,0,3,2087
340,question_answering,triton_c5_2xlarge_1,0,13,2097
343,question_answering,triton_g4dn_xlarge_3,0,3,2098
342,question_answering,triton_c5_2xlarge_2,0,13,2107
345,question_answering,triton_g4dn_xlarge_3,0,3,2109
344,question_answering,triton_c5_2xlarge_1,0,13,2118
347,question_answering,triton_g4dn_xlarge_3,0,3,2120
346,question_answering,triton_c5_2xlarge_2,0,13,2129
349,question_answering,triton_g4dn_xlarge_3,0,3,2131
348,question_answering,triton_c5_2xlarge_1,0,13,2140
351,question_answering,triton_g4dn_xlarge_3,0,3,2142
350,question_answering,triton_c5_2xlarge_2,0,13,2151
353,question_answering,triton_g4dn_xlarge_3,0,3,2152
352,question_answering,triton_c5_2xlarge_1,0,13,2162
355,question_answering,triton_g4dn_xlarge_3,0,3,2163
354,question_answering,triton_c5_2xlarge_2,0,13,2172
357,question_answering,triton_g4dn_xlarge_3,0,3,2174
356,question_answering,triton_c5_2xlarge_1,0,13,2183
359,question_answering,triton_g4dn_xlarge_3,0,3,2185
358,question_answering,triton_c5_2xlarge_2,0,12,2194
361,question_answering,triton_g4dn_xlarge_3,0,3,2196
360,question_answering,triton_c5_2xlarge_1,0,12,2205
363,question_answering,triton_g4dn_xlarge_3,0,3,2206
362,question_answering,triton_c5_2xlarge_2,0,12,2215
365,question_answering,triton_g4dn_xlarge_3,0,3,2217
364,question_answering,triton_c5_2xlarge_1,0,12,2226
367,question_answering,triton_g4dn_xlarge_3,0,3,2228
366,question_answering,triton_c5_2xlarge_2,0,12,2237
369,question_answering,triton_g4dn_xlarge_3,0,3,2238
368,question_answering,triton_c5_2xlarge_1,0,12,2247
499,question_answering,triton_c5_2xlarge_2,0,11,2248
370,question_answering,triton_g4dn_xlarge_3,0,3,2249
373,question_answering,triton_g4dn_xlarge_3,0,3,2260
372,question_answering,triton_c5_2xlarge_2,0,12,2268
371,question_answering,triton_c5_2xlarge_1,0,12,2268
374,question_answering,triton_g4dn_xlarge_3,0,3,2270
377,question_answering,triton_g4dn_xlarge_3,0,3,2281
375,question_answering,triton_c5_2xlarge_1,0,12,2290
376,question_answering,triton_c5_2xlarge_2,0,12,2290
378,question_answering,triton_g4dn_xlarge_3,0,3,2291
381,question_answering,triton_g4dn_xlarge_3,0,4,2303
379,question_answering,triton_c5_2xlarge_1,0,13,2312
380,question_answering,triton_c5_2xlarge_2,0,12,2312
382,question_answering,triton_g4dn_xlarge_3,0,4,2314
385,question_answering,triton_g4dn_xlarge_3,0,4,2325
384,question_answering,triton_c5_2xlarge_2,0,12,2334
386,question_answering,triton_g4dn_xlarge_3,0,4,2336
383,question_answering,triton_c5_2xlarge_1,0,18,2340
389,question_answering,triton_g4dn_xlarge_3,0,4,2347
388,question_answering,triton_c5_2xlarge_2,0,12,2355
390,question_answering,triton_g4dn_xlarge_3,0,3,2357
387,question_answering,triton_c5_2xlarge_1,0,18,2361
393,question_answering,triton_g4dn_xlarge_3,0,4,2369
392,question_answering,triton_c5_2xlarge_2,0,12,2378
394,question_answering,triton_g4dn_xlarge_3,0,4,2380
391,question_answering,triton_c5_2xlarge_1,0,18,2384
397,question_answering,triton_g4dn_xlarge_3,0,4,2392
396,question_answering,triton_c5_2xlarge_2,0,12,2400
398,question_answering,triton_g4dn_xlarge_3,0,4,2403
395,question_answering,triton_c5_2xlarge_1,0,18,2406
401,question_answering,triton_g4dn_xlarge_3,0,4,2415
400,question_answering,triton_c5_2xlarge_2,0,12,2423
402,question_answering,triton_g4dn_xlarge_3,0,3,2426
399,question_answering,triton_c5_2xlarge_1,0,18,2429
405,question_answering,triton_g4dn_xlarge_3,0,4,2437
404,question_answering,triton_c5_2xlarge_2,0,12,2446
406,question_answering,triton_g4dn_xlarge_3,0,4,2448
403,question_answering,triton_c5_2xlarge_1,0,18,2452
410,question_answering,triton_g4dn_xlarge_3,0,4,2460
409,question_answering,triton_c5_2xlarge_2,0,12,2468
412,question_answering,triton_g4dn_xlarge_3,0,3,2471
407,question_answering,triton_c5_2xlarge_1,0,18,2474
418,question_answering,triton_g4dn_xlarge_3,0,4,2482
417,question_answering,triton_c5_2xlarge_2,0,12,2491
419,question_answering,triton_g4dn_xlarge_3,0,3,2493
416,question_answering,triton_c5_2xlarge_1,0,18,2497
422,question_answering,triton_g4dn_xlarge_3,0,3,2504
421,question_answering,triton_c5_2xlarge_2,0,12,2512
423,question_answering,triton_g4dn_xlarge_3,0,3,2514
420,question_answering,triton_c5_2xlarge_1,0,18,2518
427,question_answering,triton_g4dn_xlarge_3,0,3,2524
426,question_answering,triton_c5_2xlarge_2,0,12,2533
428,question_answering,triton_g4dn_xlarge_3,0,3,2535
425,question_answering,triton_c5_2xlarge_1,0,18,2539
431,question_answering,triton_g4dn_xlarge_3,0,3,2545
430,question_answering,triton_c5_2xlarge_2,0,12,2554
432,question_answering,triton_g4dn_xlarge_3,0,3,2556
429,question_answering,triton_c5_2xlarge_1,0,18,2560
436,question_answering,triton_g4dn_xlarge_3,0,3,2566
435,question_answering,triton_c5_2xlarge_2,0,12,2575
437,question_answering,triton_g4dn_xlarge_3,0,3,2576
434,question_answering,triton_c5_2xlarge_1,0,18,2581
441,question_answering,triton_g4dn_xlarge_3,0,3,2587
440,question_answering,triton_c5_2xlarge_2,0,12,2596
442,question_answering,triton_g4dn_xlarge_3,0,3,2598
438,question_answering,triton_c5_2xlarge_1,0,18,2601
443,question_answering,triton_c5_2xlarge_2,0,12,2609
444,question_answering,triton_g4dn_xlarge_3,0,3,2611
447,question_answering,triton_g4dn_xlarge_3,0,3,2622
445,question_answering,triton_c5_2xlarge_1,0,18,2626
446,question_answering,triton_c5_2xlarge_2,0,12,2630
449,question_answering,triton_g4dn_xlarge_3,0,3,2632
453,question_answering,triton_g4dn_xlarge_3,0,3,2643
448,question_answering,triton_c5_2xlarge_1,0,18,2647
451,question_answering,triton_c5_2xlarge_2,0,12,2651
456,question_answering,triton_g4dn_xlarge_3,0,3,2653
459,question_answering,triton_g4dn_xlarge_3,0,3,2664
455,question_answering,triton_c5_2xlarge_1,0,18,2668
458,question_answering,triton_c5_2xlarge_2,0,11,2672
461,question_answering,triton_g4dn_xlarge_3,0,3,2674
463,question_answering,triton_g4dn_xlarge_3,0,3,2685
460,question_answering,triton_c5_2xlarge_1,0,18,2689
462,question_answering,triton_c5_2xlarge_2,0,11,2693
465,question_answering,triton_g4dn_xlarge_3,0,3,2695
467,question_answering,triton_g4dn_xlarge_3,0,3,2706
464,question_answering,triton_c5_2xlarge_1,0,18,2710
466,question_answering,triton_c5_2xlarge_2,0,12,2714
469,question_answering,triton_g4dn_xlarge_3,0,3,2717
471,question_answering,triton_g4dn_xlarge_3,0,5,2729
468,question_answering,triton_c5_2xlarge_1,0,18,2731
470,question_answering,triton_c5_2xlarge_2,0,12,2736
473,question_answering,triton_g4dn_xlarge_3,0,3,2738
475,question_answering,triton_g4dn_xlarge_3,0,3,2749
472,question_answering,triton_c5_2xlarge_1,0,18,2753
474,question_answering,triton_c5_2xlarge_2,0,11,2757
477,question_answering,triton_g4dn_xlarge_3,0,3,2759
480,question_answering,triton_g4dn_xlarge_3,0,3,2770
476,question_answering,triton_c5_2xlarge_1,0,18,2774
479,question_answering,triton_c5_2xlarge_2,0,12,2778
482,question_answering,triton_g4dn_xlarge_3,0,3,2780
484,question_answering,triton_g4dn_xlarge_3,0,3,2791
481,question_answering,triton_c5_2xlarge_1,0,18,2795
483,question_answering,triton_c5_2xlarge_2,0,11,2799
486,question_answering,triton_g4dn_xlarge_3,0,3,2801
488,question_answering,triton_g4dn_xlarge_3,0,3,2812
485,question_answering,triton_c5_2xlarge_1,0,18,2816
487,question_answering,triton_c5_2xlarge_2,0,11,2821
490,question_answering,triton_g4dn_xlarge_3,0,3,2823
492,question_answering,triton_g4dn_xlarge_3,0,3,2835
489,question_answering,triton_c5_2xlarge_1,0,18,2838
491,question_answering,triton_c5_2xlarge_2,0,12,2843
494,question_answering,triton_g4dn_xlarge_3,0,3,2845
496,question_answering,triton_g4dn_xlarge_3,0,3,2856
493,question_answering,triton_c5_2xlarge_1,0,18,2860
495,question_answering,triton_c5_2xlarge_2,0,11,2864
498,question_answering,triton_g4dn_xlarge_3,0,3,2867
497,question_answering,triton_c5_2xlarge_1,0,18,2881
500,question_answering,triton_c5_2xlarge_2,0,11,2886
503,image_classification,triton_g4dn_xlarge_3,0,14,2904
501,image_classification,triton_c5_2xlarge_1,0,31,2921
504,image_classification,triton_g4dn_xlarge_3,0,9,2921
502,image_classification,triton_c5_2xlarge_2,0,35,2925
506,image_classification,triton_g4dn_xlarge_3,0,14,2936
505,image_classification,triton_c5_2xlarge_1,0,21,2943
648,image_classification,triton_g4dn_xlarge_3,0,8,2944
630,image_classification,triton_c5_2xlarge_2,0,21,2946
523,image_classification,triton_g4dn_xlarge_3,0,11,2956
507,image_classification,triton_c5_2xlarge_1,0,21,2964
571,image_classification,triton_g4dn_xlarge_3,0,8,2964
608,image_classification,triton_c5_2xlarge_2,0,22,2968
508,image_classification,triton_g4dn_xlarge_3,0,9,2973
510,image_classification,triton_g4dn_xlarge_3,0,8,2983
509,image_classification,triton_c5_2xlarge_1,0,21,2986
687,image_classification,triton_c5_2xlarge_2,0,20,2988
511,image_classification,triton_g4dn_xlarge_3,0,10,2995
513,image_classification,triton_g4dn_xlarge_3,0,8,3006
512,image_classification,triton_c5_2xlarge_1,0,23,3010
574,image_classification,triton_c5_2xlarge_2,0,24,3012
514,image_classification,triton_g4dn_xlarge_3,0,8,3016
515,image_classification,triton_g4dn_xlarge_3,0,8,3027
624,image_classification,triton_c5_2xlarge_1,0,21,3032
710,image_classification,triton_c5_2xlarge_2,0,21,3034
516,image_classification,triton_g4dn_xlarge_3,0,8,3038
517,image_classification,triton_g4dn_xlarge_3,0,7,3048
632,image_classification,triton_c5_2xlarge_1,0,20,3053
729,image_classification,triton_c5_2xlarge_2,0,19,3054
518,image_classification,triton_g4dn_xlarge_3,0,7,3059
519,image_classification,triton_g4dn_xlarge_3,0,7,3069
639,image_classification,triton_c5_2xlarge_2,0,20,3074
555,image_classification,triton_c5_2xlarge_1,0,21,3074
520,image_classification,triton_g4dn_xlarge_3,0,7,3080
521,image_classification,triton_g4dn_xlarge_3,0,7,3090
626,image_classification,triton_c5_2xlarge_2,0,21,3097
625,image_classification,triton_c5_2xlarge_1,0,21,3097
522,image_classification,triton_g4dn_xlarge_3,0,7,3100
524,image_classification,triton_g4dn_xlarge_3,0,7,3111
627,image_classification,triton_c5_2xlarge_1,0,20,3117
628,image_classification,triton_c5_2xlarge_2,0,21,3118
525,image_classification,triton_g4dn_xlarge_3,0,7,3121
526,image_classification,triton_g4dn_xlarge_3,0,8,3132
629,image_classification,triton_c5_2xlarge_1,0,19,3137
634,image_classification,triton_c5_2xlarge_2,0,22,3141
527,image_classification,triton_g4dn_xlarge_3,0,7,3143
528,image_classification,triton_g4dn_xlarge_3,0,7,3153
631,image_classification,triton_c5_2xlarge_1,0,19,3159
529,image_classification,triton_g4dn_xlarge_3,0,7,3164
530,image_classification,triton_g4dn_xlarge_3,0,8,3175
661,image_classification,triton_c5_2xlarge_2,0,35,3176
633,image_classification,triton_c5_2xlarge_1,0,20,3180
532,image_classification,triton_g4dn_xlarge_3,0,9,3187
533,image_classification,triton_g4dn_xlarge_3,0,8,3196
635,image_classification,triton_c5_2xlarge_1,0,19,3204
534,image_classification,triton_g4dn_xlarge_3,0,8,3208
531,image_classification,triton_c5_2xlarge_2,0,36,3214
535,image_classification,triton_g4dn_xlarge_3,0,7,3218
636,image_classification,triton_c5_2xlarge_1,0,20,3226
536,image_classification,triton_g4dn_xlarge_3,0,7,3229
637,image_classification,triton_c5_2xlarge_2,0,25,3241
638,image_classification,triton_c5_2xlarge_1,0,19,3246
537,image_classification,triton_g4dn_xlarge_3,0,14,3246
640,image_classification,triton_g4dn_xlarge_3,0,9,3257
538,image_classification,triton_c5_2xlarge_2,0,19,3262
642,image_classification,triton_g4dn_xlarge_3,0,8,3267
641,image_classification,triton_c5_2xlarge_1,0,22,3271
643,image_classification,triton_g4dn_xlarge_3,0,8,3278
539,image_classification,triton_c5_2xlarge_2,0,19,3283
644,image_classification,triton_g4dn_xlarge_3,0,8,3289
704,image_classification,triton_c5_2xlarge_1,0,21,3292
645,image_classification,triton_g4dn_xlarge_3,0,7,3299
540,image_classification,triton_c5_2xlarge_2,0,28,3313
662,image_classification,triton_c5_2xlarge_1,0,21,3313
646,image_classification,triton_g4dn_xlarge_3,0,16,3318
558,image_classification,triton_g4dn_xlarge_3,0,7,3326
663,image_classification,triton_c5_2xlarge_1,0,21,3334
664,image_classification,triton_c5_2xlarge_2,0,21,3334
672,image_classification,triton_g4dn_xlarge_3,0,8,3335
667,image_classification,triton_g4dn_xlarge_3,0,10,3346
668,image_classification,triton_g4dn_xlarge_3,0,7,3353
665,image_classification,triton_c5_2xlarge_1,0,26,3361
666,image_classification,triton_c5_2xlarge_2,0,25,3361
647,image_classification,triton_g4dn_xlarge_3,0,11,3366
669,image_classification,triton_g4dn_xlarge_3,0,7,3375
559,image_classification,triton_c5_2xlarge_1,0,21,3382
560,image_classification,triton_c5_2xlarge_2,0,21,3382
649,image_classification,triton_g4dn_xlarge_3,0,8,3385
650,image_classification,triton_g4dn_xlarge_3,0,7,3395
581,image_classification,triton_g4dn_xlarge_3,0,7,3403
561,image_classification,triton_c5_2xlarge_1,0,20,3404
562,image_classification,triton_c5_2xlarge_2,0,20,3404
565,image_classification,triton_g4dn_xlarge_3,0,11,3416
582,image_classification,triton_g4dn_xlarge_3,0,8,3425
563,image_classification,triton_c5_2xlarge_1,0,21,3426
564,image_classification,triton_c5_2xlarge_2,0,23,3428
567,image_classification,triton_g4dn_xlarge_3,0,10,3437
568,image_classification,triton_g4dn_xlarge_3,0,7,3445
566,image_classification,triton_c5_2xlarge_1,0,21,3448
583,image_classification,triton_c5_2xlarge_2,0,22,3450
673,image_classification,triton_g4dn_xlarge_3,0,8,3455
674,image_classification,triton_g4dn_xlarge_3,0,8,3466
651,image_classification,triton_c5_2xlarge_2,0,19,3470
569,image_classification,triton_c5_2xlarge_1,0,21,3470
675,image_classification,triton_g4dn_xlarge_3,0,8,3477
676,image_classification,triton_g4dn_xlarge_3,0,8,3487
570,image_classification,triton_c5_2xlarge_1,0,27,3497
572,image_classification,triton_c5_2xlarge_2,0,27,3497
677,image_classification,triton_g4dn_xlarge_3,0,13,3503
584,image_classification,triton_g4dn_xlarge_3,0,8,3512
700,image_classification,triton_g4dn_xlarge_3,0,8,3521
678,image_classification,triton_c5_2xlarge_1,0,20,3521
679,image_classification,triton_c5_2xlarge_2,0,21,3521
682,image_classification,triton_g4dn_xlarge_3,0,11,3533
686,image_classification,triton_g4dn_xlarge_3,0,8,3541
680,image_classification,triton_c5_2xlarge_1,0,21,3542
681,image_classification,triton_c5_2xlarge_2,0,22,3544
684,image_classification,triton_g4dn_xlarge_3,0,10,3554
685,image_classification,triton_g4dn_xlarge_3,0,7,3562
683,image_classification,triton_c5_2xlarge_1,0,21,3565
688,image_classification,triton_c5_2xlarge_2,0,23,3568
690,image_classification,triton_g4dn_xlarge_3,0,10,3575
691,image_classification,triton_g4dn_xlarge_3,0,8,3584
689,image_classification,triton_c5_2xlarge_1,0,22,3588
585,image_classification,triton_c5_2xlarge_2,0,20,3589
692,image_classification,triton_g4dn_xlarge_3,0,7,3595
693,image_classification,triton_g4dn_xlarge_3,0,8,3606
719,image_classification,triton_c5_2xlarge_1,0,21,3609
586,image_classification,triton_c5_2xlarge_2,0,20,3610
694,image_classification,triton_g4dn_xlarge_3,0,8,3616
695,image_classification,triton_g4dn_xlarge_3,0,7,3627
744,image_classification,triton_c5_2xlarge_2,0,21,3631
720,image_classification,triton_c5_2xlarge_1,0,22,3631
696,image_classification,triton_g4dn_xlarge_3,0,7,3637
697,image_classification,triton_g4dn_xlarge_3,0,7,3648
542,image_classification,triton_c5_2xlarge_2,0,20,3653
541,image_classification,triton_c5_2xlarge_1,0,20,3653
698,image_classification,triton_g4dn_xlarge_3,0,7,3659
699,image_classification,triton_g4dn_xlarge_3,0,7,3669
544,image_classification,triton_c5_2xlarge_2,0,20,3675
543,image_classification,triton_c5_2xlarge_1,0,21,3675
701,image_classification,triton_g4dn_xlarge_3,0,8,3680
702,image_classification,triton_g4dn_xlarge_3,0,7,3690
546,image_classification,triton_c5_2xlarge_2,0,20,3697
545,image_classification,triton_c5_2xlarge_1,0,21,3697
703,image_classification,triton_g4dn_xlarge_3,0,7,3701
705,image_classification,triton_g4dn_xlarge_3,0,8,3712
548,image_classification,triton_c5_2xlarge_2,0,20,3719
547,image_classification,triton_c5_2xlarge_1,0,20,3719
706,image_classification,triton_g4dn_xlarge_3,0,7,3722
707,image_classification,triton_g4dn_xlarge_3,0,7,3732
549,image_classification,triton_c5_2xlarge_1,0,21,3741
550,image_classification,triton_c5_2xlarge_2,0,21,3741
708,image_classification,triton_g4dn_xlarge_3,0,8,3743
709,image_classification,triton_g4dn_xlarge_3,0,8,3754
551,image_classification,triton_c5_2xlarge_1,0,20,3761
552,image_classification,triton_c5_2xlarge_2,0,20,3762
711,image_classification,triton_g4dn_xlarge_3,0,7,3765
712,image_classification,triton_g4dn_xlarge_3,0,8,3776
553,image_classification,triton_c5_2xlarge_1,0,20,3783
554,image_classification,triton_c5_2xlarge_2,0,20,3783
713,image_classification,triton_g4dn_xlarge_3,0,8,3786
714,image_classification,triton_g4dn_xlarge_3,0,8,3797
556,image_classification,triton_c5_2xlarge_1,0,20,3805
557,image_classification,triton_c5_2xlarge_2,0,20,3805
715,image_classification,triton_g4dn_xlarge_3,0,7,3808
716,image_classification,triton_g4dn_xlarge_3,0,8,3819
573,image_classification,triton_c5_2xlarge_1,0,23,3830
575,image_classification,triton_c5_2xlarge_2,0,23,3830
717,image_classification,triton_g4dn_xlarge_3,0,12,3834
576,image_classification,triton_g4dn_xlarge_3,0,8,3847
718,image_classification,triton_c5_2xlarge_1,0,21,3853
721,image_classification,triton_c5_2xlarge_2,0,21,3854
577,image_classification,triton_g4dn_xlarge_3,0,7,3856
578,image_classification,triton_g4dn_xlarge_3,0,8,3867
723,image_classification,triton_c5_2xlarge_2,0,21,3876
722,image_classification,triton_c5_2xlarge_1,0,21,3876
579,image_classification,triton_g4dn_xlarge_3,0,11,3881
587,image_classification,triton_g4dn_xlarge_3,0,8,3890
725,image_classification,triton_c5_2xlarge_2,0,23,3899
580,image_classification,triton_g4dn_xlarge_3,0,7,3899
724,image_classification,triton_c5_2xlarge_1,0,23,3899
590,image_classification,triton_g4dn_xlarge_3,0,11,3915
588,image_classification,triton_c5_2xlarge_1,0,21,3924
589,image_classification,triton_c5_2xlarge_2,0,23,3927
726,image_classification,triton_g4dn_xlarge_3,0,8,3927
728,image_classification,triton_g4dn_xlarge_3,0,8,3937
591,image_classification,triton_c5_2xlarge_1,0,19,3945
730,image_classification,triton_g4dn_xlarge_3,0,8,3948
727,image_classification,triton_c5_2xlarge_2,0,20,3949
732,image_classification,triton_g4dn_xlarge_3,0,9,3960
592,image_classification,triton_c5_2xlarge_1,0,19,3966
733,image_classification,triton_g4dn_xlarge_3,0,8,3970
731,image_classification,triton_c5_2xlarge_2,0,21,3971
735,image_classification,triton_g4dn_xlarge_3,0,9,3982
593,image_classification,triton_c5_2xlarge_1,0,20,3989
736,image_classification,triton_g4dn_xlarge_3,0,8,3992
734,image_classification,triton_c5_2xlarge_2,0,20,3993
738,image_classification,triton_g4dn_xlarge_3,0,12,4007
594,image_classification,triton_c5_2xlarge_1,0,20,4011
737,image_classification,triton_c5_2xlarge_2,0,24,4018
596,image_classification,triton_g4dn_xlarge_3,0,9,4023
598,image_classification,triton_g4dn_xlarge_3,0,9,4033
595,image_classification,triton_c5_2xlarge_1,0,21,4034
599,image_classification,triton_g4dn_xlarge_3,0,8,4042
597,image_classification,triton_c5_2xlarge_2,0,20,4044
601,image_classification,triton_g4dn_xlarge_3,0,9,4054
605,image_classification,triton_c5_2xlarge_1,0,20,4055
600,image_classification,triton_c5_2xlarge_2,0,20,4065
603,image_classification,triton_g4dn_xlarge_3,0,9,4065
606,image_classification,triton_g4dn_xlarge_3,0,9,4076
602,image_classification,triton_c5_2xlarge_1,0,21,4077
609,image_classification,triton_g4dn_xlarge_3,0,9,4086
604,image_classification,triton_c5_2xlarge_2,0,20,4086
607,image_classification,triton_c5_2xlarge_1,0,21,4098
611,image_classification,triton_g4dn_xlarge_3,0,14,4103
610,image_classification,triton_c5_2xlarge_2,0,25,4114
613,image_classification,triton_g4dn_xlarge_3,0,8,4118
612,image_classification,triton_c5_2xlarge_1,0,19,4119
616,image_classification,triton_g4dn_xlarge_3,0,16,4137
614,image_classification,triton_c5_2xlarge_1,0,25,4146
617,image_classification,triton_g4dn_xlarge_3,0,7,4151
615,image_classification,triton_c5_2xlarge_2,0,34,4155
619,image_classification,triton_g4dn_xlarge_3,0,12,4166
618,image_classification,triton_c5_2xlarge_1,0,25,4179
620,image_classification,triton_c5_2xlarge_2,0,19,4184
621,image_classification,triton_g4dn_xlarge_3,0,7,4184
652,image_classification,triton_g4dn_xlarge_3,0,12,4200
623,image_classification,triton_c5_2xlarge_2,0,24,4211
622,image_classification,triton_c5_2xlarge_1,0,25,4212
653,image_classification,triton_g4dn_xlarge_3,0,7,4218
656,image_classification,triton_g4dn_xlarge_3,0,11,4232
654,image_classification,triton_c5_2xlarge_1,0,22,4243
655,image_classification,triton_c5_2xlarge_2,0,22,4244
657,image_classification,triton_g4dn_xlarge_3,0,8,4250
660,image_classification,triton_g4dn_xlarge_3,0,12,4266
658,image_classification,triton_c5_2xlarge_1,0,23,4277
659,image_classification,triton_c5_2xlarge_2,0,23,4277
670,image_classification,triton_g4dn_xlarge_3,0,8,4284
740,image_classification,triton_g4dn_xlarge_3,0,12,4299
739,image_classification,triton_c5_2xlarge_2,0,23,4310
671,image_classification,triton_c5_2xlarge_1,0,24,4311
741,image_classification,triton_g4dn_xlarge_3,0,8,4317
745,image_classification,triton_g4dn_xlarge_3,0,11,4331
742,image_classification,triton_c5_2xlarge_1,0,22,4342
743,image_classification,triton_c5_2xlarge_2,0,22,4342
746,image_classification,triton_g4dn_xlarge_3,0,7,4348
749,image_classification,triton_g4dn_xlarge_3,0,10,4362
748,image_classification,triton_c5_2xlarge_2,0,22,4374
747,image_classification,triton_c5_2xlarge_1,0,23,4374
750,image_classification,triton_g4dn_xlarge_3,0,7,4379
753,speech_recognition,triton_g4dn_xlarge_3,0,25,4407
917,speech_recognition,triton_g4dn_xlarge_3,0,22,4429
754,speech_recognition,triton_g4dn_xlarge_3,0,24,4462
755,speech_recognition,triton_g4dn_xlarge_3,0,23,4494
756,speech_recognition,triton_g4dn_xlarge_3,0,22,4524
796,speech_recognition,triton_g4dn_xlarge_3,0,22,4546
752,speech_recognition,triton_c5_2xlarge_2,0,174,4557
751,speech_recognition,triton_c5_2xlarge_1,0,182,4565
851,speech_recognition,triton_g4dn_xlarge_3,0,24,4570
758,speech_recognition,triton_g4dn_xlarge_3,0,25,4603
759,speech_recognition,triton_g4dn_xlarge_3,0,23,4633
948,speech_recognition,triton_g4dn_xlarge_3,0,24,4657
760,speech_recognition,triton_g4dn_xlarge_3,0,24,4692
854,speech_recognition,triton_g4dn_xlarge_3,0,23,4715
839,speech_recognition,triton_c5_2xlarge_2,0,161,4718
757,speech_recognition,triton_c5_2xlarge_1,0,172,4739
762,speech_recognition,triton_g4dn_xlarge_3,0,24,4747
764,speech_recognition,triton_g4dn_xlarge_3,0,22,4777
891,speech_recognition,triton_g4dn_xlarge_3,0,24,4801
765,speech_recognition,triton_g4dn_xlarge_3,0,23,4836
797,speech_recognition,triton_g4dn_xlarge_3,0,23,4859
761,speech_recognition,triton_c5_2xlarge_2,0,165,4888
766,speech_recognition,triton_g4dn_xlarge_3,0,24,4891
986,speech_recognition,triton_g4dn_xlarge_3,0,23,4914
763,speech_recognition,triton_c5_2xlarge_1,0,170,4914
769,speech_recognition,triton_g4dn_xlarge_3,0,25,4949
770,speech_recognition,triton_g4dn_xlarge_3,0,22,4978
863,speech_recognition,triton_g4dn_xlarge_3,0,23,5000
771,speech_recognition,triton_g4dn_xlarge_3,0,23,5032
767,speech_recognition,triton_c5_2xlarge_2,0,165,5053
883,speech_recognition,triton_g4dn_xlarge_3,0,23,5054
961,speech_recognition,triton_g4dn_xlarge_3,0,24,5078
768,speech_recognition,triton_c5_2xlarge_1,0,170,5094
772,speech_recognition,triton_g4dn_xlarge_3,0,24,5111
774,speech_recognition,triton_g4dn_xlarge_3,0,23,5141
870,speech_recognition,triton_g4dn_xlarge_3,0,23,5165
775,speech_recognition,triton_g4dn_xlarge_3,0,22,5196
904,speech_recognition,triton_c5_2xlarge_2,0,161,5214
873,speech_recognition,triton_g4dn_xlarge_3,0,24,5222
777,speech_recognition,triton_g4dn_xlarge_3,0,25,5253
773,speech_recognition,triton_c5_2xlarge_1,0,164,5262
974,speech_recognition,triton_g4dn_xlarge_3,0,23,5276
778,speech_recognition,triton_g4dn_xlarge_3,0,24,5306
875,speech_recognition,triton_g4dn_xlarge_3,0,24,5331
779,speech_recognition,triton_g4dn_xlarge_3,0,23,5359
776,speech_recognition,triton_c5_2xlarge_2,0,164,5381
876,speech_recognition,triton_g4dn_xlarge_3,0,24,5386
780,speech_recognition,triton_g4dn_xlarge_3,0,23,5414
874,speech_recognition,triton_c5_2xlarge_1,0,164,5428
914,speech_recognition,triton_g4dn_xlarge_3,0,22,5440
951,speech_recognition,triton_g4dn_xlarge_3,0,23,5463
781,speech_recognition,triton_g4dn_xlarge_3,0,24,5491
916,speech_recognition,triton_g4dn_xlarge_3,0,23,5517
782,speech_recognition,triton_g4dn_xlarge_3,0,23,5544
877,speech_recognition,triton_c5_2xlarge_2,0,161,5544
919,speech_recognition,triton_g4dn_xlarge_3,0,25,5575
915,speech_recognition,triton_c5_2xlarge_1,0,165,5594
789,speech_recognition,triton_g4dn_xlarge_3,0,24,5598
920,speech_recognition,triton_g4dn_xlarge_3,0,23,5627
795,speech_recognition,triton_g4dn_xlarge_3,0,24,5654
921,speech_recognition,triton_g4dn_xlarge_3,0,23,5682
989,speech_recognition,triton_g4dn_xlarge_3,0,22,5704
918,speech_recognition,triton_c5_2xlarge_2,0,162,5712
798,speech_recognition,triton_g4dn_xlarge_3,0,25,5732
994,speech_recognition,triton_c5_2xlarge_1,0,166,5759
923,speech_recognition,triton_g4dn_xlarge_3,0,24,5760
800,speech_recognition,triton_g4dn_xlarge_3,0,23,5785
924,speech_recognition,triton_g4dn_xlarge_3,0,24,5813
801,speech_recognition,triton_g4dn_xlarge_3,0,24,5840
925,speech_recognition,triton_g4dn_xlarge_3,0,22,5866
922,speech_recognition,triton_c5_2xlarge_2,0,161,5875
786,speech_recognition,triton_g4dn_xlarge_3,0,24,5890
802,speech_recognition,triton_g4dn_xlarge_3,0,26,5920
799,speech_recognition,triton_c5_2xlarge_1,0,167,5928
993,speech_recognition,triton_g4dn_xlarge_3,0,23,5943
803,speech_recognition,triton_g4dn_xlarge_3,0,24,5972
927,speech_recognition,triton_g4dn_xlarge_3,0,23,5995
941,speech_recognition,triton_g4dn_xlarge_3,0,24,6019
926,speech_recognition,triton_c5_2xlarge_2,0,162,6037
804,speech_recognition,triton_g4dn_xlarge_3,0,22,6046
847,speech_recognition,triton_g4dn_xlarge_3,0,27,6075
899,speech_recognition,triton_c5_2xlarge_1,0,165,6093
805,speech_recognition,triton_g4dn_xlarge_3,0,23,6102
848,speech_recognition,triton_g4dn_xlarge_3,0,23,6125
952,speech_recognition,triton_g4dn_xlarge_3,0,23,6151
806,speech_recognition,triton_g4dn_xlarge_3,0,24,6178
849,speech_recognition,triton_g4dn_xlarge_3,0,24,6201
928,speech_recognition,triton_c5_2xlarge_2,0,166,6204
953,speech_recognition,triton_g4dn_xlarge_3,0,24,6228
807,speech_recognition,triton_g4dn_xlarge_3,0,23,6254
950,speech_recognition,triton_c5_2xlarge_1,0,165,6260
862,speech_recognition,triton_g4dn_xlarge_3,0,24,6279
954,speech_recognition,triton_g4dn_xlarge_3,0,24,6305
809,speech_recognition,triton_g4dn_xlarge_3,0,23,6330
864,speech_recognition,triton_g4dn_xlarge_3,0,23,6354
985,speech_recognition,triton_c5_2xlarge_2,0,162,6366
955,speech_recognition,triton_g4dn_xlarge_3,0,25,6381
810,speech_recognition,triton_g4dn_xlarge_3,0,24,6407
957,speech_recognition,triton_g4dn_xlarge_3,0,22,6433
808,speech_recognition,triton_c5_2xlarge_1,0,170,6433
812,speech_recognition,triton_g4dn_xlarge_3,0,25,6462
958,speech_recognition,triton_g4dn_xlarge_3,0,23,6488
813,speech_recognition,triton_g4dn_xlarge_3,0,22,6513
956,speech_recognition,triton_c5_2xlarge_2,0,163,6531
858,speech_recognition,triton_g4dn_xlarge_3,0,23,6538
959,speech_recognition,triton_g4dn_xlarge_3,0,25,6565
815,speech_recognition,triton_g4dn_xlarge_3,0,24,6590
811,speech_recognition,triton_c5_2xlarge_1,0,172,6609
960,speech_recognition,triton_g4dn_xlarge_3,0,23,6618
817,speech_recognition,triton_g4dn_xlarge_3,0,23,6644
962,speech_recognition,triton_g4dn_xlarge_3,0,23,6673
814,speech_recognition,triton_c5_2xlarge_2,0,162,6696
818,speech_recognition,triton_g4dn_xlarge_3,0,23,6699
963,speech_recognition,triton_g4dn_xlarge_3,0,23,6727
820,speech_recognition,triton_g4dn_xlarge_3,0,23,6753
964,speech_recognition,triton_g4dn_xlarge_3,0,22,6779
816,speech_recognition,triton_c5_2xlarge_1,0,172,6782
822,speech_recognition,triton_g4dn_xlarge_3,0,25,6810
965,speech_recognition,triton_g4dn_xlarge_3,0,23,6834
819,speech_recognition,triton_c5_2xlarge_2,0,161,6859
823,speech_recognition,triton_g4dn_xlarge_3,0,23,6861
966,speech_recognition,triton_g4dn_xlarge_3,0,24,6887
825,speech_recognition,triton_g4dn_xlarge_3,0,23,6915
967,speech_recognition,triton_g4dn_xlarge_3,0,22,6939
821,speech_recognition,triton_c5_2xlarge_1,0,171,6955
826,speech_recognition,triton_g4dn_xlarge_3,0,24,6969
968,speech_recognition,triton_g4dn_xlarge_3,0,23,6994
828,speech_recognition,triton_g4dn_xlarge_3,0,22,7019
824,speech_recognition,triton_c5_2xlarge_2,0,162,7022
970,speech_recognition,triton_g4dn_xlarge_3,0,23,7046
829,speech_recognition,triton_g4dn_xlarge_3,0,24,7075
971,speech_recognition,triton_g4dn_xlarge_3,0,23,7099
827,speech_recognition,triton_c5_2xlarge_1,0,171,7126
830,speech_recognition,triton_g4dn_xlarge_3,0,23,7127
973,speech_recognition,triton_g4dn_xlarge_3,0,24,7153
831,speech_recognition,triton_g4dn_xlarge_3,0,23,7180
969,speech_recognition,triton_c5_2xlarge_2,0,161,7184
975,speech_recognition,triton_g4dn_xlarge_3,0,22,7203
833,speech_recognition,triton_g4dn_xlarge_3,0,24,7235
834,speech_recognition,triton_g4dn_xlarge_3,0,22,7264
911,speech_recognition,triton_g4dn_xlarge_3,0,23,7287
972,speech_recognition,triton_c5_2xlarge_1,0,172,7300
976,speech_recognition,triton_g4dn_xlarge_3,0,25,7312
836,speech_recognition,triton_g4dn_xlarge_3,0,24,7343
832,speech_recognition,triton_c5_2xlarge_2,0,165,7355
837,speech_recognition,triton_g4dn_xlarge_3,0,23,7376
940,speech_recognition,triton_g4dn_xlarge_3,0,22,7399
930,speech_recognition,triton_g4dn_xlarge_3,0,23,7422
840,speech_recognition,triton_g4dn_xlarge_3,0,23,7456
835,speech_recognition,triton_c5_2xlarge_1,0,172,7480
841,speech_recognition,triton_g4dn_xlarge_3,0,21,7488
843,speech_recognition,triton_g4dn_xlarge_3,0,24,7513
838,speech_recognition,triton_c5_2xlarge_2,0,163,7528
844,speech_recognition,triton_g4dn_xlarge_3,0,23,7547
846,speech_recognition,triton_g4dn_xlarge_3,0,23,7580
785,speech_recognition,triton_g4dn_xlarge_3,0,23,7603
850,speech_recognition,triton_g4dn_xlarge_3,0,23,7637
842,speech_recognition,triton_c5_2xlarge_1,0,169,7658
852,speech_recognition,triton_g4dn_xlarge_3,0,22,7669
983,speech_recognition,triton_g4dn_xlarge_3,0,22,7691
845,speech_recognition,triton_c5_2xlarge_2,0,161,7695
888,speech_recognition,triton_g4dn_xlarge_3,0,24,7715
855,speech_recognition,triton_g4dn_xlarge_3,0,24,7747
856,speech_recognition,triton_g4dn_xlarge_3,0,23,7781
857,speech_recognition,triton_g4dn_xlarge_3,0,21,7812
982,speech_recognition,triton_c5_2xlarge_1,0,168,7826
859,speech_recognition,triton_g4dn_xlarge_3,0,23,7836
794,speech_recognition,triton_g4dn_xlarge_3,0,25,7861
853,speech_recognition,triton_c5_2xlarge_2,0,161,7863
865,speech_recognition,triton_g4dn_xlarge_3,0,24,7893
866,speech_recognition,triton_g4dn_xlarge_3,0,23,7926
867,speech_recognition,triton_g4dn_xlarge_3,0,21,7958
868,speech_recognition,triton_g4dn_xlarge_3,0,23,7981
860,speech_recognition,triton_c5_2xlarge_1,0,166,8001
869,speech_recognition,triton_g4dn_xlarge_3,0,23,8014
861,speech_recognition,triton_c5_2xlarge_2,0,161,8030
872,speech_recognition,triton_g4dn_xlarge_3,0,23,8048
879,speech_recognition,triton_g4dn_xlarge_3,0,21,8079
880,speech_recognition,triton_g4dn_xlarge_3,0,23,8104
881,speech_recognition,triton_g4dn_xlarge_3,0,23,8137
871,speech_recognition,triton_c5_2xlarge_1,0,164,8166
882,speech_recognition,triton_g4dn_xlarge_3,0,23,8170
878,speech_recognition,triton_c5_2xlarge_2,0,161,8197
885,speech_recognition,triton_g4dn_xlarge_3,0,21,8201
887,speech_recognition,triton_g4dn_xlarge_3,0,23,8226
889,speech_recognition,triton_g4dn_xlarge_3,0,22,8259
890,speech_recognition,triton_g4dn_xlarge_3,0,23,8292
892,speech_recognition,triton_g4dn_xlarge_3,0,21,8323
884,speech_recognition,triton_c5_2xlarge_1,0,164,8333
893,speech_recognition,triton_g4dn_xlarge_3,0,23,8346
886,speech_recognition,triton_c5_2xlarge_2,0,162,8364
895,speech_recognition,triton_g4dn_xlarge_3,0,22,8379
897,speech_recognition,triton_g4dn_xlarge_3,0,22,8412
898,speech_recognition,triton_g4dn_xlarge_3,0,21,8443
900,speech_recognition,triton_g4dn_xlarge_3,0,23,8467
894,speech_recognition,triton_c5_2xlarge_1,0,164,8498
901,speech_recognition,triton_g4dn_xlarge_3,0,23,8500
896,speech_recognition,triton_c5_2xlarge_2,0,161,8528
903,speech_recognition,triton_g4dn_xlarge_3,0,22,8533
906,speech_recognition,triton_g4dn_xlarge_3,0,20,8564
907,speech_recognition,triton_g4dn_xlarge_3,0,23,8588
908,speech_recognition,triton_g4dn_xlarge_3,0,23,8621
909,speech_recognition,triton_g4dn_xlarge_3,0,22,8654
902,speech_recognition,triton_c5_2xlarge_1,0,166,8665
910,speech_recognition,triton_g4dn_xlarge_3,0,21,8685
905,speech_recognition,triton_c5_2xlarge_2,0,162,8695
913,speech_recognition,triton_g4dn_xlarge_3,0,23,8709
931,speech_recognition,triton_g4dn_xlarge_3,0,24,8743
932,speech_recognition,triton_g4dn_xlarge_3,0,22,8773
933,speech_recognition,triton_g4dn_xlarge_3,0,21,8805
998,speech_recognition,triton_g4dn_xlarge_3,0,21,8826
912,speech_recognition,triton_c5_2xlarge_1,0,166,8841
935,speech_recognition,triton_g4dn_xlarge_3,0,23,8848
929,speech_recognition,triton_c5_2xlarge_2,0,163,8860
936,speech_recognition,triton_g4dn_xlarge_3,0,24,8883
938,speech_recognition,triton_g4dn_xlarge_3,0,22,8915
939,speech_recognition,triton_g4dn_xlarge_3,0,21,8946
942,speech_recognition,triton_g4dn_xlarge_3,0,21,8968
945,speech_recognition,triton_g4dn_xlarge_3,0,23,8990
934,speech_recognition,triton_c5_2xlarge_1,0,167,9014
943,speech_recognition,triton_g4dn_xlarge_3,0,24,9025
937,speech_recognition,triton_c5_2xlarge_2,0,161,9032
947,speech_recognition,triton_g4dn_xlarge_3,0,23,9056
949,speech_recognition,triton_g4dn_xlarge_3,0,21,9087
995,speech_recognition,triton_g4dn_xlarge_3,0,21,9109
977,speech_recognition,triton_g4dn_xlarge_3,0,22,9141
978,speech_recognition,triton_g4dn_xlarge_3,0,21,9172
944,speech_recognition,triton_c5_2xlarge_1,0,168,9191
946,speech_recognition,triton_c5_2xlarge_2,0,162,9195
979,speech_recognition,triton_g4dn_xlarge_3,0,23,9196
984,speech_recognition,triton_g4dn_xlarge_3,0,24,9230
987,speech_recognition,triton_g4dn_xlarge_3,0,22,9260
988,speech_recognition,triton_g4dn_xlarge_3,0,21,9291
990,speech_recognition,triton_g4dn_xlarge_3,0,21,9312
991,speech_recognition,triton_g4dn_xlarge_3,0,23,9337
980,speech_recognition,triton_c5_2xlarge_1,0,168,9362
981,speech_recognition,triton_c5_2xlarge_2,0,163,9369
992,speech_recognition,triton_g4dn_xlarge_3,0,24,9371
999,speech_recognition,triton_g4dn_xlarge_3,0,26,9406
1000,speech_recognition,triton_g4dn_xlarge_3,0,21,9432
783,speech_recognition,triton_g4dn_xlarge_3,0,21,9453
784,speech_recognition,triton_g4dn_xlarge_3,0,26,9489
787,speech_recognition,triton_g4dn_xlarge_3,0,21,9515
788,speech_recognition,triton_g4dn_xlarge_3,0,21,9536
996,speech_recognition,triton_c5_2xlarge_1,0,170,9538
997,speech_recognition,triton_c5_2xlarge_2,0,161,9540
792,speech_recognition,triton_g4dn_xlarge_3,0,24,9571
793,speech_recognition,triton_g4dn_xlarge_3,0,21,9599
791,speech_recognition,triton_c5_2xlarge_2,0,163,9710
790,speech_recognition,triton_c5_2xlarge_1,0,166,9713
