task_id,task_type,assigned_machine,arrival_time,inference_time,completion_time
1,object_detection,triton_t2_large_7,12,38,58
2,question_answering,triton_t2_large_6,15,40,62
3,question_answering,triton_t2_large_8,53,37,97
4,image_classification,triton_c5_2xlarge_1,78,39,126
5,image_classification,triton_g4dn_xlarge_3,111,10,129
6,object_detection,triton_t2_large_7,120,26,153
7,question_answering,triton_t2_large_6,134,34,177
10,object_detection,triton_g4dn_xlarge_3,167,12,187
8,question_answering,triton_t2_large_8,147,39,193
9,image_classification,triton_c5_2xlarge_1,166,29,203
12,question_answering,triton_t2_large_6,215,34,258
15,speech_recognition,triton_g4dn_xlarge_3,266,19,293
14,object_detection,triton_c5_2xlarge_1,262,28,298
18,image_classification,triton_g4dn_xlarge_3,353,8,370
19,image_classification,triton_g4dn_xlarge_3,366,8,382
17,image_classification,triton_c5_2xlarge_1,353,25,387
20,object_detection,triton_g4dn_xlarge_3,376,9,393
22,question_answering,triton_g4dn_xlarge_3,469,3,480
23,image_classification,triton_g4dn_xlarge_3,477,7,493
24,object_detection,triton_g4dn_xlarge_3,490,9,507
25,speech_recognition,triton_g4dn_xlarge_3,506,18,533
27,speech_recognition,triton_g4dn_xlarge_3,526,21,555
26,question_answering,triton_g4dn_xlarge_3,517,4,560
21,speech_recognition,triton_c5_2xlarge_1,386,179,573
28,question_answering,triton_g4dn_xlarge_3,530,4,574
30,speech_recognition,triton_g4dn_xlarge_3,612,19,639
31,image_classification,triton_g4dn_xlarge_3,652,8,668
32,image_classification,triton_g4dn_xlarge_3,667,8,682
11,speech_recognition,triton_t2_large_7,179,566,753
29,speech_recognition,triton_c5_2xlarge_1,575,174,758
33,speech_recognition,triton_g4dn_xlarge_3,744,19,772
13,speech_recognition,triton_t2_large_8,218,590,816
35,object_detection,triton_c5_2xlarge_1,800,21,830
34,image_classification,triton_t2_large_7,752,74,834
16,speech_recognition,triton_t2_large_6,303,569,881
36,object_detection,triton_g4dn_xlarge_3,902,9,920
38,object_detection,triton_t2_large_6,974,45,1027
39,object_detection,triton_t2_large_8,983,37,1029
41,speech_recognition,triton_g4dn_xlarge_3,1016,18,1042
40,image_classification,triton_c5_2xlarge_1,998,36,1043
37,image_classification,triton_t2_large_7,974,70,1052
44,object_detection,triton_c5_2xlarge_1,1032,19,1070
45,image_classification,triton_g4dn_xlarge_3,1054,11,1073
48,object_detection,triton_g4dn_xlarge_3,1082,10,1100
42,image_classification,triton_t2_large_6,1018,71,1108
47,object_detection,triton_c5_2xlarge_1,1081,18,1108
46,object_detection,triton_t2_large_7,1066,34,1109
43,image_classification,triton_t2_large_8,1030,74,1113
49,object_detection,triton_t2_large_7,1135,30,1174
52,object_detection,triton_c5_2xlarge_1,1205,17,1230
53,speech_recognition,triton_g4dn_xlarge_3,1209,18,1235
51,object_detection,triton_t2_large_8,1203,30,1241
50,question_answering,triton_t2_large_6,1199,34,1242
57,object_detection,triton_c5_2xlarge_1,1287,16,1311
58,object_detection,triton_g4dn_xlarge_3,1295,9,1312
60,object_detection,triton_g4dn_xlarge_3,1347,9,1364
59,question_answering,triton_c5_2xlarge_1,1346,18,1372
61,object_detection,triton_c5_2xlarge_1,1385,16,1409
62,image_classification,triton_g4dn_xlarge_3,1439,8,1455
64,question_answering,triton_g4dn_xlarge_3,1480,3,1492
63,question_answering,triton_c5_2xlarge_1,1477,12,1497
66,object_detection,triton_g4dn_xlarge_3,1532,9,1549
67,speech_recognition,triton_g4dn_xlarge_3,1603,18,1630
69,object_detection,triton_g4dn_xlarge_3,1624,16,1649
70,image_classification,triton_g4dn_xlarge_3,1625,7,1661
71,question_answering,triton_g4dn_xlarge_3,1647,3,1669
72,question_answering,triton_g4dn_xlarge_3,1652,3,1674
73,speech_recognition,triton_g4dn_xlarge_3,1666,18,1692
74,object_detection,triton_g4dn_xlarge_3,1678,9,1707
65,speech_recognition,triton_c5_2xlarge_1,1526,175,1709
75,speech_recognition,triton_g4dn_xlarge_3,1694,19,1732
68,image_classification,triton_c5_2xlarge_1,1606,26,1736
78,object_detection,triton_g4dn_xlarge_3,1731,10,1750
76,object_detection,triton_c5_2xlarge_1,1719,19,1757
77,object_detection,triton_g4dn_xlarge_3,1721,9,1759
80,speech_recognition,triton_g4dn_xlarge_3,1759,19,1787
79,question_answering,triton_c5_2xlarge_1,1737,33,1800
81,question_answering,triton_g4dn_xlarge_3,1778,3,1800
83,question_answering,triton_g4dn_xlarge_3,1803,3,1814
82,image_classification,triton_c5_2xlarge_1,1794,26,1828
54,speech_recognition,triton_t2_large_7,1261,568,1837
55,speech_recognition,triton_t2_large_6,1267,573,1849
84,image_classification,triton_c5_2xlarge_1,1826,21,1855
56,speech_recognition,triton_t2_large_8,1275,597,1880
85,speech_recognition,triton_g4dn_xlarge_3,1871,18,1898
86,image_classification,triton_t2_large_7,1883,67,1958
87,object_detection,triton_t2_large_6,1923,27,1958
88,question_answering,triton_t2_large_8,1947,35,1991
89,object_detection,triton_c5_2xlarge_1,1991,16,2015
90,object_detection,triton_g4dn_xlarge_3,2020,9,2038
91,object_detection,triton_t2_large_7,2163,37,2208
92,image_classification,triton_t2_large_6,2164,91,2263
94,question_answering,triton_c5_2xlarge_1,2242,18,2269
93,object_detection,triton_t2_large_8,2241,27,2277
95,speech_recognition,triton_g4dn_xlarge_3,2252,18,2279
96,object_detection,triton_t2_large_7,2289,34,2332
99,image_classification,triton_c5_2xlarge_1,2375,21,2405
98,question_answering,triton_t2_large_8,2365,36,2410
100,object_detection,triton_g4dn_xlarge_3,2393,9,2411
97,image_classification,triton_t2_large_6,2334,74,2417
102,object_detection,triton_t2_large_6,2411,46,2466
101,image_classification,triton_t2_large_7,2394,69,2472
104,image_classification,triton_c5_2xlarge_1,2442,32,2482
105,image_classification,triton_g4dn_xlarge_3,2471,7,2486
103,image_classification,triton_t2_large_8,2441,89,2538
106,object_detection,triton_t2_large_7,2535,31,2574
107,object_detection,triton_t2_large_6,2539,31,2579
110,image_classification,triton_g4dn_xlarge_3,2631,8,2648
109,image_classification,triton_c5_2xlarge_1,2630,22,2660
111,object_detection,triton_t2_large_7,2631,36,2675
112,question_answering,triton_t2_large_6,2633,35,2677
113,object_detection,triton_c5_2xlarge_1,2653,17,2678
114,speech_recognition,triton_g4dn_xlarge_3,2679,18,2707
115,object_detection,triton_t2_large_7,2682,32,2724
116,question_answering,triton_t2_large_6,2691,30,2729
118,object_detection,triton_g4dn_xlarge_3,2733,9,2751
117,image_classification,triton_c5_2xlarge_1,2722,21,2752
119,question_answering,triton_t2_large_7,2789,37,2835
121,image_classification,triton_c5_2xlarge_1,2826,21,2855
122,object_detection,triton_g4dn_xlarge_3,2858,9,2876
120,image_classification,triton_t2_large_6,2815,67,2890
124,image_classification,triton_c5_2xlarge_1,2878,21,2907
125,speech_recognition,triton_g4dn_xlarge_3,2899,18,2926
127,question_answering,triton_c5_2xlarge_1,2908,14,2930
128,question_answering,triton_g4dn_xlarge_3,2915,3,2938
126,question_answering,triton_t2_large_6,2900,30,2938
123,image_classification,triton_t2_large_7,2874,75,2958
129,question_answering,triton_t2_large_7,2981,30,3020
130,object_detection,triton_t2_large_6,3015,37,3061
132,image_classification,triton_g4dn_xlarge_3,3099,7,3116
108,speech_recognition,triton_t2_large_8,2605,593,3207
133,question_answering,triton_t2_large_7,3197,36,3243
131,speech_recognition,triton_c5_2xlarge_1,3072,176,3257
137,object_detection,triton_g4dn_xlarge_3,3267,18,3294
135,object_detection,triton_t2_large_8,3241,45,3295
136,object_detection,triton_c5_2xlarge_1,3265,23,3297
139,question_answering,triton_t2_large_8,3359,35,3403
140,object_detection,triton_c5_2xlarge_1,3410,17,3436
141,speech_recognition,triton_g4dn_xlarge_3,3413,19,3440
142,object_detection,triton_t2_large_8,3430,30,3469
144,question_answering,triton_g4dn_xlarge_3,3494,3,3506
146,image_classification,triton_g4dn_xlarge_3,3501,7,3518
147,question_answering,triton_g4dn_xlarge_3,3520,3,3532
148,speech_recognition,triton_g4dn_xlarge_3,3548,18,3575
145,image_classification,triton_t2_large_8,3495,74,3577
149,object_detection,triton_t2_large_8,3588,26,3623
143,speech_recognition,triton_c5_2xlarge_1,3464,177,3649
151,speech_recognition,triton_g4dn_xlarge_3,3672,18,3699
153,speech_recognition,triton_g4dn_xlarge_3,3732,19,3761
134,speech_recognition,triton_t2_large_6,3230,565,3804
152,image_classification,triton_t2_large_8,3722,84,3815
150,speech_recognition,triton_c5_2xlarge_1,3653,173,3836
154,question_answering,triton_t2_large_6,3804,38,3851
155,image_classification,triton_t2_large_8,3808,69,3886
138,speech_recognition,triton_t2_large_7,3314,567,3891
157,object_detection,triton_g4dn_xlarge_3,3889,11,3909
156,object_detection,triton_c5_2xlarge_1,3889,18,3915
159,image_classification,triton_t2_large_6,3944,71,4024
162,question_answering,triton_g4dn_xlarge_3,4060,3,4072
161,image_classification,triton_c5_2xlarge_1,4044,21,4074
165,image_classification,triton_g4dn_xlarge_3,4131,8,4148
164,question_answering,triton_c5_2xlarge_1,4126,18,4153
166,image_classification,triton_g4dn_xlarge_3,4133,7,4159
163,object_detection,triton_t2_large_6,4118,32,4160
169,speech_recognition,triton_g4dn_xlarge_3,4185,18,4213
167,image_classification,triton_t2_large_6,4156,73,4238
170,image_classification,triton_t2_large_6,4235,66,4311
171,question_answering,triton_g4dn_xlarge_3,4307,3,4319
173,object_detection,triton_g4dn_xlarge_3,4335,10,4353
172,question_answering,triton_t2_large_6,4319,30,4359
168,speech_recognition,triton_c5_2xlarge_1,4177,177,4363
176,question_answering,triton_g4dn_xlarge_3,4409,3,4421
175,question_answering,triton_c5_2xlarge_1,4394,18,4422
178,question_answering,triton_g4dn_xlarge_3,4412,3,4424
177,image_classification,triton_c5_2xlarge_1,4411,25,4456
179,image_classification,triton_g4dn_xlarge_3,4444,7,4461
174,image_classification,triton_t2_large_6,4382,81,4472
180,question_answering,triton_c5_2xlarge_1,4456,23,4488
158,speech_recognition,triton_t2_large_7,3931,561,4501
160,speech_recognition,triton_t2_large_8,3991,594,4594
181,question_answering,triton_g4dn_xlarge_3,4624,3,4636
182,image_classification,triton_t2_large_7,4636,72,4719
185,object_detection,triton_c5_2xlarge_1,4769,17,4796
186,speech_recognition,triton_g4dn_xlarge_3,4779,18,4806
188,question_answering,triton_c5_2xlarge_1,4823,18,4850
189,speech_recognition,triton_g4dn_xlarge_3,4831,19,4859
190,question_answering,triton_c5_2xlarge_1,4883,18,4910
191,speech_recognition,triton_g4dn_xlarge_3,4892,19,4921
192,question_answering,triton_c5_2xlarge_1,4894,18,4931
193,object_detection,triton_g4dn_xlarge_3,4965,9,4984
195,image_classification,triton_g4dn_xlarge_3,5004,7,5021
194,object_detection,triton_c5_2xlarge_1,4999,15,5024
197,question_answering,triton_g4dn_xlarge_3,5101,3,5114
198,question_answering,triton_g4dn_xlarge_3,5136,3,5149
199,speech_recognition,triton_g4dn_xlarge_3,5162,19,5190
196,speech_recognition,triton_c5_2xlarge_1,5031,179,5219
183,speech_recognition,triton_t2_large_6,4660,564,5233
201,object_detection,triton_g4dn_xlarge_3,5222,10,5241
200,image_classification,triton_c5_2xlarge_1,5221,26,5256
204,image_classification,triton_g4dn_xlarge_3,5265,7,5283
184,speech_recognition,triton_t2_large_8,4680,599,5288
205,speech_recognition,triton_g4dn_xlarge_3,5265,19,5305
208,question_answering,triton_g4dn_xlarge_3,5298,3,5310
207,object_detection,triton_g4dn_xlarge_3,5289,9,5329
209,question_answering,triton_g4dn_xlarge_3,5315,3,5338
210,question_answering,triton_g4dn_xlarge_3,5332,3,5344
211,question_answering,triton_g4dn_xlarge_3,5339,3,5351
212,image_classification,triton_g4dn_xlarge_3,5357,7,5374
187,speech_recognition,triton_t2_large_7,4799,576,5384
213,object_detection,triton_g4dn_xlarge_3,5357,14,5391
203,speech_recognition,triton_c5_2xlarge_1,5256,176,5441
215,speech_recognition,triton_g4dn_xlarge_3,5415,19,5443
214,image_classification,triton_t2_large_7,5400,67,5477
216,image_classification,triton_c5_2xlarge_1,5442,25,5477
217,speech_recognition,triton_g4dn_xlarge_3,5456,18,5485
220,question_answering,triton_g4dn_xlarge_3,5490,4,5503
219,image_classification,triton_c5_2xlarge_1,5489,21,5520
221,speech_recognition,triton_g4dn_xlarge_3,5491,18,5530
222,image_classification,triton_c5_2xlarge_1,5493,21,5544
218,image_classification,triton_t2_large_7,5462,66,5549
223,speech_recognition,triton_g4dn_xlarge_3,5527,21,5557
225,object_detection,triton_c5_2xlarge_1,5593,16,5618
226,image_classification,triton_g4dn_xlarge_3,5611,7,5627
224,image_classification,triton_t2_large_7,5564,66,5640
229,object_detection,triton_g4dn_xlarge_3,5742,9,5761
228,question_answering,triton_c5_2xlarge_1,5739,12,5761
227,image_classification,triton_t2_large_7,5701,71,5781
202,speech_recognition,triton_t2_large_6,5249,561,5820
230,image_classification,triton_t2_large_7,5800,67,5876
232,object_detection,triton_c5_2xlarge_1,5850,16,5876
233,question_answering,triton_g4dn_xlarge_3,5863,3,5876
206,speech_recognition,triton_t2_large_8,5274,591,5885
231,image_classification,triton_t2_large_6,5815,76,5901
234,object_detection,triton_t2_large_7,5901,29,5940
235,question_answering,triton_t2_large_6,5913,30,5952
237,question_answering,triton_c5_2xlarge_1,6009,19,6037
238,speech_recognition,triton_g4dn_xlarge_3,6021,19,6049
239,question_answering,triton_t2_large_7,6024,38,6072
242,image_classification,triton_g4dn_xlarge_3,6087,7,6104
241,object_detection,triton_c5_2xlarge_1,6084,16,6109
245,object_detection,triton_g4dn_xlarge_3,6143,14,6167
244,question_answering,triton_c5_2xlarge_1,6141,18,6169
243,object_detection,triton_t2_large_7,6136,25,6172
246,question_answering,triton_t2_large_7,6152,42,6215
248,object_detection,triton_g4dn_xlarge_3,6243,9,6261
250,question_answering,triton_g4dn_xlarge_3,6275,3,6287
249,object_detection,triton_t2_large_7,6262,32,6303
251,speech_recognition,triton_g4dn_xlarge_3,6286,18,6314
247,speech_recognition,triton_c5_2xlarge_1,6226,176,6412
252,image_classification,triton_t2_large_7,6380,66,6456
253,question_answering,triton_c5_2xlarge_1,6429,18,6457
254,image_classification,triton_g4dn_xlarge_3,6472,7,6489
255,object_detection,triton_t2_large_7,6473,33,6515
256,question_answering,triton_c5_2xlarge_1,6491,18,6518
257,object_detection,triton_g4dn_xlarge_3,6499,10,6518
260,image_classification,triton_g4dn_xlarge_3,6521,7,6538
258,question_answering,triton_c5_2xlarge_1,6503,18,6541
259,object_detection,triton_t2_large_7,6508,26,6543
236,speech_recognition,triton_t2_large_8,5946,595,6550
263,question_answering,triton_g4dn_xlarge_3,6555,3,6567
261,question_answering,triton_t2_large_7,6536,43,6589
265,object_detection,triton_g4dn_xlarge_3,6589,10,6608
267,image_classification,triton_g4dn_xlarge_3,6621,7,6637
264,image_classification,triton_t2_large_8,6566,69,6645
240,speech_recognition,triton_t2_large_6,6080,562,6653
266,image_classification,triton_t2_large_7,6589,71,6670
270,image_classification,triton_g4dn_xlarge_3,6669,7,6687
269,question_answering,triton_t2_large_8,6657,35,6702
271,question_answering,triton_t2_large_7,6674,33,6717
262,speech_recognition,triton_c5_2xlarge_1,6538,178,6726
268,image_classification,triton_t2_large_6,6650,73,6734
272,question_answering,triton_t2_large_6,6756,30,6796
274,object_detection,triton_c5_2xlarge_1,6784,17,6811
273,object_detection,triton_t2_large_8,6780,26,6817
275,question_answering,triton_g4dn_xlarge_3,6833,3,6847
277,object_detection,triton_t2_large_6,6903,29,6942
280,object_detection,triton_g4dn_xlarge_3,6975,9,6994
279,question_answering,triton_c5_2xlarge_1,6968,18,6996
281,object_detection,triton_t2_large_6,6980,33,7023
283,image_classification,triton_g4dn_xlarge_3,7009,7,7026
282,question_answering,triton_c5_2xlarge_1,7005,18,7034
286,speech_recognition,triton_g4dn_xlarge_3,7090,18,7118
287,object_detection,triton_g4dn_xlarge_3,7103,8,7132
288,speech_recognition,triton_g4dn_xlarge_3,7116,20,7156
289,speech_recognition,triton_g4dn_xlarge_3,7133,20,7184
285,speech_recognition,triton_c5_2xlarge_1,7075,177,7262
290,speech_recognition,triton_g4dn_xlarge_3,7236,19,7264
291,image_classification,triton_c5_2xlarge_1,7323,21,7354
292,object_detection,triton_g4dn_xlarge_3,7349,9,7368
293,object_detection,triton_c5_2xlarge_1,7349,19,7378
294,object_detection,triton_g4dn_xlarge_3,7376,8,7394
296,question_answering,triton_g4dn_xlarge_3,7405,3,7419
297,image_classification,triton_g4dn_xlarge_3,7414,7,7431
276,speech_recognition,triton_t2_large_7,6870,566,7446
298,question_answering,triton_t2_large_7,7450,33,7493
278,speech_recognition,triton_t2_large_8,6953,596,7559
299,image_classification,triton_g4dn_xlarge_3,7546,7,7563
295,speech_recognition,triton_c5_2xlarge_1,7396,175,7581
284,speech_recognition,triton_t2_large_6,7057,564,7631
301,image_classification,triton_t2_large_8,7597,75,7683
300,image_classification,triton_t2_large_7,7587,91,7688
303,speech_recognition,triton_g4dn_xlarge_3,7660,19,7688
302,image_classification,triton_c5_2xlarge_1,7659,21,7690
304,question_answering,triton_t2_large_6,7661,35,7706
306,image_classification,triton_c5_2xlarge_1,7740,20,7771
307,question_answering,triton_g4dn_xlarge_3,7772,3,7785
305,image_classification,triton_t2_large_8,7730,74,7814
309,question_answering,triton_t2_large_6,7850,30,7890
308,image_classification,triton_t2_large_7,7815,74,7898
310,object_detection,triton_t2_large_8,7866,27,7903
312,speech_recognition,triton_g4dn_xlarge_3,7914,18,7942
313,question_answering,triton_t2_large_7,7934,30,7974
316,object_detection,triton_g4dn_xlarge_3,8010,10,8029
311,speech_recognition,triton_c5_2xlarge_1,7909,175,8094
318,question_answering,triton_c5_2xlarge_1,8115,19,8144
319,speech_recognition,triton_g4dn_xlarge_3,8118,18,8146
320,object_detection,triton_c5_2xlarge_1,8153,17,8180
321,speech_recognition,triton_g4dn_xlarge_3,8201,19,8230
322,object_detection,triton_c5_2xlarge_1,8217,16,8243
323,question_answering,triton_g4dn_xlarge_3,8258,3,8271
324,object_detection,triton_c5_2xlarge_1,8263,15,8288
325,image_classification,triton_g4dn_xlarge_3,8300,7,8318
327,object_detection,triton_g4dn_xlarge_3,8310,9,8328
328,image_classification,triton_g4dn_xlarge_3,8350,14,8373
329,object_detection,triton_g4dn_xlarge_3,8375,9,8394
330,image_classification,triton_g4dn_xlarge_3,8391,7,8408
331,object_detection,triton_g4dn_xlarge_3,8402,9,8420
332,question_answering,triton_g4dn_xlarge_3,8433,3,8446
326,speech_recognition,triton_c5_2xlarge_1,8305,176,8491
314,speech_recognition,triton_t2_large_6,7962,575,8547
315,speech_recognition,triton_t2_large_8,7976,597,8583
334,question_answering,triton_c5_2xlarge_1,8565,19,8594
317,speech_recognition,triton_t2_large_7,8027,560,8598
335,object_detection,triton_g4dn_xlarge_3,8599,10,8619
333,image_classification,triton_t2_large_6,8554,66,8630
337,object_detection,triton_t2_large_6,8685,26,8721
339,object_detection,triton_c5_2xlarge_1,8714,16,8741
340,speech_recognition,triton_g4dn_xlarge_3,8715,20,8744
342,image_classification,triton_c5_2xlarge_1,8732,26,8768
343,object_detection,triton_g4dn_xlarge_3,8748,9,8768
341,object_detection,triton_t2_large_6,8729,32,8771
338,image_classification,triton_t2_large_8,8695,70,8777
344,object_detection,triton_c5_2xlarge_1,8748,16,8786
345,question_answering,triton_g4dn_xlarge_3,8788,3,8801
349,question_answering,triton_g4dn_xlarge_3,8860,3,8874
346,question_answering,triton_t2_large_6,8826,38,8875
347,image_classification,triton_t2_large_8,8833,74,8917
350,question_answering,triton_t2_large_6,8884,37,8930
352,object_detection,triton_g4dn_xlarge_3,8920,9,8940
354,question_answering,triton_g4dn_xlarge_3,8945,3,8958
355,image_classification,triton_g4dn_xlarge_3,8946,7,8974
356,image_classification,triton_g4dn_xlarge_3,8958,7,8986
351,image_classification,triton_t2_large_8,8911,70,8991
357,question_answering,triton_g4dn_xlarge_3,8971,3,8994
359,question_answering,triton_g4dn_xlarge_3,9014,3,9028
348,speech_recognition,triton_c5_2xlarge_1,8850,179,9039
358,image_classification,triton_t2_large_8,8995,69,9074
361,image_classification,triton_g4dn_xlarge_3,9056,8,9074
363,object_detection,triton_g4dn_xlarge_3,9071,10,9091
362,object_detection,triton_t2_large_8,9069,35,9114
365,object_detection,triton_g4dn_xlarge_3,9112,9,9130
366,object_detection,triton_g4dn_xlarge_3,9138,9,9158
364,question_answering,triton_t2_large_8,9111,43,9165
336,speech_recognition,triton_t2_large_7,8618,563,9192
368,image_classification,triton_g4dn_xlarge_3,9193,7,9210
360,speech_recognition,triton_c5_2xlarge_1,9055,175,9241
369,question_answering,triton_t2_large_7,9204,30,9244
367,image_classification,triton_t2_large_8,9164,75,9249
372,question_answering,triton_g4dn_xlarge_3,9268,3,9281
374,question_answering,triton_g4dn_xlarge_3,9279,3,9293
371,question_answering,triton_c5_2xlarge_1,9265,18,9294
376,object_detection,triton_g4dn_xlarge_3,9296,15,9323
375,image_classification,triton_c5_2xlarge_1,9296,28,9336
377,speech_recognition,triton_g4dn_xlarge_3,9303,18,9342
378,image_classification,triton_c5_2xlarge_1,9318,20,9359
379,speech_recognition,triton_g4dn_xlarge_3,9325,20,9366
380,image_classification,triton_c5_2xlarge_1,9425,20,9456
381,speech_recognition,triton_g4dn_xlarge_3,9452,19,9481
353,speech_recognition,triton_t2_large_6,8935,561,9505
382,question_answering,triton_t2_large_6,9532,30,9573
384,object_detection,triton_g4dn_xlarge_3,9586,9,9607
383,image_classification,triton_c5_2xlarge_1,9576,20,9607
385,object_detection,triton_t2_large_6,9635,25,9671
387,image_classification,triton_g4dn_xlarge_3,9727,7,9746
388,object_detection,triton_t2_large_6,9798,28,9836
389,image_classification,triton_g4dn_xlarge_3,9821,7,9838
386,speech_recognition,triton_c5_2xlarge_1,9654,176,9841
373,speech_recognition,triton_t2_large_7,9269,564,9842
370,speech_recognition,triton_t2_large_8,9244,596,9850
390,object_detection,triton_t2_large_7,9823,34,9878
391,question_answering,triton_t2_large_6,9824,37,9881
393,object_detection,triton_c5_2xlarge_1,9894,16,9921
392,image_classification,triton_t2_large_8,9858,70,9940
394,question_answering,triton_g4dn_xlarge_3,9970,3,9984
395,image_classification,triton_t2_large_7,9978,73,10061
398,object_detection,triton_c5_2xlarge_1,10096,16,10122
397,object_detection,triton_t2_large_8,10093,27,10131
399,speech_recognition,triton_g4dn_xlarge_3,10138,18,10167
403,object_detection,triton_g4dn_xlarge_3,10216,10,10236
402,question_answering,triton_c5_2xlarge_1,10209,18,10237
400,image_classification,triton_t2_large_7,10174,71,10256
404,question_answering,triton_t2_large_7,10251,42,10303
405,image_classification,triton_c5_2xlarge_1,10272,21,10304
406,object_detection,triton_g4dn_xlarge_3,10353,10,10374
409,speech_recognition,triton_g4dn_xlarge_3,10388,18,10417
410,object_detection,triton_g4dn_xlarge_3,10415,10,10435
411,speech_recognition,triton_g4dn_xlarge_3,10456,19,10485
412,question_answering,triton_g4dn_xlarge_3,10463,3,10499
413,question_answering,triton_g4dn_xlarge_3,10542,3,10556
396,speech_recognition,triton_t2_large_6,9988,561,10560
408,speech_recognition,triton_c5_2xlarge_1,10382,175,10568
414,object_detection,triton_t2_large_6,10553,31,10594
415,object_detection,triton_c5_2xlarge_1,10579,19,10609
416,question_answering,triton_g4dn_xlarge_3,10610,3,10624
418,object_detection,triton_c5_2xlarge_1,10691,18,10719
419,speech_recognition,triton_g4dn_xlarge_3,10722,19,10752
417,image_classification,triton_t2_large_6,10676,74,10760
401,speech_recognition,triton_t2_large_8,10178,598,10786
420,object_detection,triton_t2_large_6,10806,39,10855
421,question_answering,triton_t2_large_8,10846,36,10893
423,question_answering,triton_g4dn_xlarge_3,10925,3,10939
422,object_detection,triton_c5_2xlarge_1,10914,18,10943
407,speech_recognition,triton_t2_large_7,10374,562,10947
424,object_detection,triton_t2_large_7,11039,31,11080
427,image_classification,triton_c5_2xlarge_1,11072,25,11108
428,image_classification,triton_g4dn_xlarge_3,11090,7,11108
425,image_classification,triton_t2_large_6,11051,70,11132
426,image_classification,triton_t2_large_8,11070,76,11156
430,object_detection,triton_t2_large_6,11154,24,11189
431,object_detection,triton_t2_large_8,11163,26,11199
433,speech_recognition,triton_g4dn_xlarge_3,11274,19,11303
434,object_detection,triton_t2_large_6,11287,27,11324
437,speech_recognition,triton_g4dn_xlarge_3,11302,19,11333
435,question_answering,triton_t2_large_8,11290,40,11341
439,image_classification,triton_g4dn_xlarge_3,11347,8,11365
436,question_answering,triton_t2_large_6,11292,34,11369
440,object_detection,triton_g4dn_xlarge_3,11356,9,11376
438,question_answering,triton_t2_large_8,11344,36,11391
441,object_detection,triton_t2_large_6,11390,25,11426
432,speech_recognition,triton_c5_2xlarge_1,11243,177,11431
442,question_answering,triton_t2_large_8,11393,35,11439
443,question_answering,triton_c5_2xlarge_1,11473,18,11503
444,object_detection,triton_g4dn_xlarge_3,11487,9,11508
446,object_detection,triton_t2_large_8,11543,26,11579
445,question_answering,triton_t2_large_6,11536,34,11581
447,object_detection,triton_c5_2xlarge_1,11552,19,11581
448,question_answering,triton_g4dn_xlarge_3,11648,3,11662
451,question_answering,triton_c5_2xlarge_1,11664,18,11694
452,image_classification,triton_g4dn_xlarge_3,11677,8,11696
429,speech_recognition,triton_t2_large_7,11132,562,11705
450,image_classification,triton_t2_large_8,11654,76,11741
454,object_detection,triton_c5_2xlarge_1,11728,16,11755
455,object_detection,triton_g4dn_xlarge_3,11753,9,11774
453,image_classification,triton_t2_large_7,11722,66,11799
458,image_classification,triton_c5_2xlarge_1,11833,21,11865
459,object_detection,triton_g4dn_xlarge_3,11860,9,11880
456,image_classification,triton_t2_large_7,11802,70,11884
461,image_classification,triton_c5_2xlarge_1,11895,20,11926
462,object_detection,triton_g4dn_xlarge_3,11912,8,11931
460,question_answering,triton_t2_large_7,11891,30,11933
464,object_detection,triton_c5_2xlarge_1,11939,15,11966
463,question_answering,triton_t2_large_7,11927,29,11967
465,speech_recognition,triton_g4dn_xlarge_3,11962,18,11991
467,object_detection,triton_c5_2xlarge_1,11974,15,12000
466,object_detection,triton_t2_large_7,11965,31,12007
468,image_classification,triton_g4dn_xlarge_3,12014,11,12037
471,image_classification,triton_g4dn_xlarge_3,12084,7,12102
470,question_answering,triton_c5_2xlarge_1,12079,19,12109
472,object_detection,triton_c5_2xlarge_1,12128,15,12154
473,question_answering,triton_g4dn_xlarge_3,12156,3,12171
449,speech_recognition,triton_t2_large_6,11648,561,12219
475,image_classification,triton_g4dn_xlarge_3,12209,7,12227
477,question_answering,triton_g4dn_xlarge_3,12260,3,12274
478,image_classification,triton_g4dn_xlarge_3,12284,9,12304
476,object_detection,triton_t2_large_6,12257,40,12308
479,image_classification,triton_g4dn_xlarge_3,12284,7,12312
481,speech_recognition,triton_g4dn_xlarge_3,12310,18,12339
474,speech_recognition,triton_c5_2xlarge_1,12172,176,12359
483,speech_recognition,triton_g4dn_xlarge_3,12323,20,12365
484,image_classification,triton_g4dn_xlarge_3,12334,8,12374
482,question_answering,triton_g4dn_xlarge_3,12316,3,12384
486,speech_recognition,triton_g4dn_xlarge_3,12387,19,12417
457,speech_recognition,triton_t2_large_8,11831,592,12434
487,image_classification,triton_g4dn_xlarge_3,12402,14,12438
489,speech_recognition,triton_g4dn_xlarge_3,12454,20,12485
490,image_classification,triton_g4dn_xlarge_3,12498,7,12516
491,object_detection,triton_g4dn_xlarge_3,12511,9,12531
488,image_classification,triton_t2_large_8,12454,70,12535
485,speech_recognition,triton_c5_2xlarge_1,12341,175,12537
493,question_answering,triton_c5_2xlarge_1,12545,13,12570
492,object_detection,triton_t2_large_8,12539,26,12575
494,speech_recognition,triton_g4dn_xlarge_3,12546,18,12575
495,question_answering,triton_c5_2xlarge_1,12551,12,12585
496,image_classification,triton_g4dn_xlarge_3,12567,7,12586
469,speech_recognition,triton_t2_large_7,12029,564,12604
497,object_detection,triton_t2_large_7,12615,27,12653
499,image_classification,triton_c5_2xlarge_1,12626,21,12659
500,speech_recognition,triton_g4dn_xlarge_3,12633,19,12663
498,object_detection,triton_t2_large_8,12623,30,12663
503,image_classification,triton_c5_2xlarge_1,12667,20,12698
504,speech_recognition,triton_g4dn_xlarge_3,12674,19,12704
502,question_answering,triton_t2_large_8,12647,44,12714
506,question_answering,triton_c5_2xlarge_1,12679,14,12715
505,speech_recognition,triton_g4dn_xlarge_3,12674,20,12726
501,image_classification,triton_t2_large_7,12635,74,12731
507,question_answering,triton_t2_large_7,12726,41,12779
509,object_detection,triton_c5_2xlarge_1,12826,16,12853
480,speech_recognition,triton_t2_large_6,12288,561,12871
510,speech_recognition,triton_g4dn_xlarge_3,12887,18,12916
514,image_classification,triton_g4dn_xlarge_3,12961,7,12979
513,image_classification,triton_c5_2xlarge_1,12957,22,12990
515,speech_recognition,triton_g4dn_xlarge_3,12967,18,13008
516,image_classification,triton_c5_2xlarge_1,12995,20,13027
512,image_classification,triton_t2_large_6,12955,75,13042
517,speech_recognition,triton_g4dn_xlarge_3,13044,19,13075
518,question_answering,triton_t2_large_6,13063,29,13103
519,image_classification,triton_c5_2xlarge_1,13082,20,13114
520,speech_recognition,triton_g4dn_xlarge_3,13091,19,13120
521,object_detection,triton_t2_large_6,13116,29,13157
522,question_answering,triton_c5_2xlarge_1,13149,13,13172
523,object_detection,triton_g4dn_xlarge_3,13152,9,13172
524,object_detection,triton_t2_large_6,13152,26,13189
525,question_answering,triton_c5_2xlarge_1,13206,12,13230
526,question_answering,triton_g4dn_xlarge_3,13278,3,13293
528,object_detection,triton_c5_2xlarge_1,13387,16,13414
508,speech_recognition,triton_t2_large_8,12816,594,13421
529,speech_recognition,triton_g4dn_xlarge_3,13412,18,13442
532,question_answering,triton_g4dn_xlarge_3,13437,3,13452
531,object_detection,triton_c5_2xlarge_1,13428,15,13455
530,object_detection,triton_t2_large_8,13425,30,13466
533,object_detection,triton_c5_2xlarge_1,13449,15,13475
511,speech_recognition,triton_t2_large_7,12902,569,13481
534,object_detection,triton_g4dn_xlarge_3,13509,14,13534
538,image_classification,triton_g4dn_xlarge_3,13552,7,13571
537,object_detection,triton_c5_2xlarge_1,13547,15,13573
536,object_detection,triton_t2_large_8,13545,27,13583
539,question_answering,triton_c5_2xlarge_1,13570,14,13595
540,speech_recognition,triton_g4dn_xlarge_3,13638,19,13668
543,question_answering,triton_g4dn_xlarge_3,13769,3,13784
542,object_detection,triton_c5_2xlarge_1,13762,15,13789
544,object_detection,triton_c5_2xlarge_1,13778,15,13804
545,question_answering,triton_g4dn_xlarge_3,13855,3,13870
546,question_answering,triton_c5_2xlarge_1,13883,12,13907
527,speech_recognition,triton_t2_large_6,13375,560,13946
547,speech_recognition,triton_g4dn_xlarge_3,13928,19,13958
548,object_detection,triton_c5_2xlarge_1,13934,15,13961
551,speech_recognition,triton_g4dn_xlarge_3,13997,19,14027
552,speech_recognition,triton_g4dn_xlarge_3,14010,20,14054
554,image_classification,triton_g4dn_xlarge_3,14043,8,14063
553,question_answering,triton_g4dn_xlarge_3,14034,3,14071
555,speech_recognition,triton_g4dn_xlarge_3,14060,21,14092
556,question_answering,triton_g4dn_xlarge_3,14082,3,14096
535,speech_recognition,triton_t2_large_7,13539,558,14108
558,question_answering,triton_g4dn_xlarge_3,14132,3,14147
557,question_answering,triton_t2_large_7,14116,29,14157
550,speech_recognition,triton_c5_2xlarge_1,13976,179,14167
559,speech_recognition,triton_g4dn_xlarge_3,14140,19,14170
560,question_answering,triton_t2_large_7,14159,31,14201
562,speech_recognition,triton_g4dn_xlarge_3,14200,19,14230
564,speech_recognition,triton_g4dn_xlarge_3,14260,19,14291
565,speech_recognition,triton_g4dn_xlarge_3,14268,19,14320
541,speech_recognition,triton_t2_large_8,13727,592,14330
567,object_detection,triton_g4dn_xlarge_3,14361,9,14381
561,speech_recognition,triton_c5_2xlarge_1,14194,177,14382
568,question_answering,triton_c5_2xlarge_1,14384,14,14410
569,question_answering,triton_g4dn_xlarge_3,14400,3,14415
571,question_answering,triton_g4dn_xlarge_3,14412,3,14426
570,question_answering,triton_c5_2xlarge_1,14405,12,14429
572,question_answering,triton_c5_2xlarge_1,14420,12,14443
549,speech_recognition,triton_t2_large_6,13934,560,14517
573,object_detection,triton_g4dn_xlarge_3,14502,9,14523
576,image_classification,triton_g4dn_xlarge_3,14553,7,14572
575,image_classification,triton_c5_2xlarge_1,14541,20,14572
574,question_answering,triton_t2_large_6,14529,31,14572
577,object_detection,triton_t2_large_6,14595,33,14639
578,question_answering,triton_c5_2xlarge_1,14656,12,14679
579,image_classification,triton_g4dn_xlarge_3,14662,7,14681
581,question_answering,triton_c5_2xlarge_1,14693,12,14717
583,question_answering,triton_c5_2xlarge_1,14706,12,14729
580,question_answering,triton_t2_large_6,14686,37,14734
582,speech_recognition,triton_g4dn_xlarge_3,14705,18,14735
584,question_answering,triton_g4dn_xlarge_3,14715,3,14741
586,image_classification,triton_c5_2xlarge_1,14755,20,14788
563,speech_recognition,triton_t2_large_7,14221,560,14792
587,question_answering,triton_g4dn_xlarge_3,14779,3,14794
585,image_classification,triton_t2_large_6,14736,68,14815
588,object_detection,triton_t2_large_7,14824,26,14862
589,object_detection,triton_t2_large_6,14831,26,14868
566,speech_recognition,triton_t2_large_8,14357,592,14960
591,question_answering,triton_g4dn_xlarge_3,14950,3,14964
590,speech_recognition,triton_c5_2xlarge_1,14832,179,15022
593,question_answering,triton_t2_large_6,14998,37,15046
595,image_classification,triton_c5_2xlarge_1,15069,21,15102
596,speech_recognition,triton_g4dn_xlarge_3,15090,18,15120
594,image_classification,triton_t2_large_8,15041,77,15131
597,object_detection,triton_t2_large_6,15125,25,15162
598,question_answering,triton_t2_large_8,15138,35,15185
599,question_answering,triton_c5_2xlarge_1,15171,12,15195
600,speech_recognition,triton_g4dn_xlarge_3,15309,18,15339
602,object_detection,triton_t2_large_8,15331,31,15373
603,question_answering,triton_c5_2xlarge_1,15364,12,15388
604,object_detection,triton_g4dn_xlarge_3,15369,10,15391
605,object_detection,triton_t2_large_8,15374,38,15424
606,object_detection,triton_c5_2xlarge_1,15396,17,15425
607,question_answering,triton_g4dn_xlarge_3,15455,3,15469
608,object_detection,triton_t2_large_8,15498,32,15542
610,question_answering,triton_g4dn_xlarge_3,15544,3,15558
592,speech_recognition,triton_t2_large_7,14991,562,15565
612,speech_recognition,triton_g4dn_xlarge_3,15579,19,15610
613,object_detection,triton_t2_large_7,15584,27,15622
614,question_answering,triton_g4dn_xlarge_3,15640,3,15655
615,question_answering,triton_t2_large_7,15678,29,15719
609,speech_recognition,triton_c5_2xlarge_1,15533,178,15723
616,object_detection,triton_g4dn_xlarge_3,15706,9,15727
617,question_answering,triton_t2_large_7,15717,29,15758
618,image_classification,triton_c5_2xlarge_1,15753,21,15786
619,speech_recognition,triton_g4dn_xlarge_3,15784,18,15815
621,object_detection,triton_c5_2xlarge_1,15842,18,15872
622,image_classification,triton_g4dn_xlarge_3,15861,8,15881
601,speech_recognition,triton_t2_large_6,15322,563,15897
624,question_answering,triton_c5_2xlarge_1,15900,12,15924
625,image_classification,triton_g4dn_xlarge_3,15910,8,15929
620,image_classification,triton_t2_large_7,15841,77,15930
623,question_answering,triton_t2_large_6,15898,33,15944
627,image_classification,triton_c5_2xlarge_1,15931,22,15965
628,speech_recognition,triton_g4dn_xlarge_3,15946,18,15976
626,question_answering,triton_t2_large_7,15920,46,15978
629,question_answering,triton_t2_large_6,15948,29,15989
631,image_classification,triton_g4dn_xlarge_3,15984,8,16004
634,object_detection,triton_g4dn_xlarge_3,16072,10,16095
635,image_classification,triton_g4dn_xlarge_3,16074,8,16104
636,speech_recognition,triton_g4dn_xlarge_3,16093,18,16133
630,speech_recognition,triton_c5_2xlarge_1,15950,177,16150
611,speech_recognition,triton_t2_large_8,15549,593,16154
637,speech_recognition,triton_g4dn_xlarge_3,16110,20,16164
638,object_detection,triton_t2_large_8,16189,27,16228
639,image_classification,triton_c5_2xlarge_1,16200,21,16233
640,object_detection,triton_g4dn_xlarge_3,16246,13,16271
642,image_classification,triton_c5_2xlarge_1,16267,21,16300
643,image_classification,triton_g4dn_xlarge_3,16304,7,16323
644,object_detection,triton_c5_2xlarge_1,16314,20,16345
645,object_detection,triton_g4dn_xlarge_3,16324,14,16350
647,object_detection,triton_g4dn_xlarge_3,16368,10,16391
648,speech_recognition,triton_g4dn_xlarge_3,16383,18,16413
650,question_answering,triton_g4dn_xlarge_3,16397,3,16423
651,speech_recognition,triton_g4dn_xlarge_3,16398,19,16452
652,speech_recognition,triton_g4dn_xlarge_3,16399,22,16477
655,speech_recognition,triton_g4dn_xlarge_3,16446,23,16502
657,speech_recognition,triton_g4dn_xlarge_3,16492,23,16526
646,speech_recognition,triton_c5_2xlarge_1,16330,179,16533
653,speech_recognition,triton_g4dn_xlarge_3,16400,22,16551
656,image_classification,triton_c5_2xlarge_1,16448,26,16560
660,image_classification,triton_g4dn_xlarge_3,16532,8,16563
661,image_classification,triton_g4dn_xlarge_3,16555,11,16578
649,image_classification,triton_c5_2xlarge_1,16390,22,16584
658,image_classification,triton_g4dn_xlarge_3,16493,7,16586
659,question_answering,triton_g4dn_xlarge_3,16529,4,16598
662,image_classification,triton_g4dn_xlarge_3,16615,7,16634
632,speech_recognition,triton_t2_large_7,16062,561,16635
633,speech_recognition,triton_t2_large_6,16064,560,16636
654,speech_recognition,triton_c5_2xlarge_1,16423,176,16770
664,image_classification,triton_t2_large_6,16683,74,16770
665,question_answering,triton_g4dn_xlarge_3,16755,3,16772
666,object_detection,triton_t2_large_6,16756,38,16817
641,speech_recognition,triton_t2_large_8,16257,592,16861
668,object_detection,triton_g4dn_xlarge_3,16869,9,16890
670,object_detection,triton_t2_large_8,16930,30,16973
671,speech_recognition,triton_g4dn_xlarge_3,16956,18,16987
667,speech_recognition,triton_c5_2xlarge_1,16806,175,16992
669,image_classification,triton_t2_large_6,16912,71,16996
672,question_answering,triton_t2_large_6,16993,37,17043
674,question_answering,triton_c5_2xlarge_1,17099,12,17124
673,image_classification,triton_t2_large_8,17043,78,17133
675,object_detection,triton_g4dn_xlarge_3,17120,10,17142
676,question_answering,triton_t2_large_6,17149,30,17191
678,object_detection,triton_c5_2xlarge_1,17177,16,17205
663,speech_recognition,triton_t2_large_7,16634,560,17206
679,image_classification,triton_g4dn_xlarge_3,17190,7,17209
681,question_answering,triton_t2_large_6,17205,36,17253
683,image_classification,triton_g4dn_xlarge_3,17237,7,17256
684,object_detection,triton_t2_large_6,17254,30,17296
685,image_classification,triton_g4dn_xlarge_3,17279,7,17298
686,question_answering,triton_t2_large_6,17297,31,17340
687,question_answering,triton_g4dn_xlarge_3,17330,3,17346
689,question_answering,triton_g4dn_xlarge_3,17380,3,17396
690,question_answering,triton_g4dn_xlarge_3,17385,3,17400
682,speech_recognition,triton_c5_2xlarge_1,17213,179,17404
688,object_detection,triton_t2_large_6,17374,24,17410
691,image_classification,triton_g4dn_xlarge_3,17386,7,17416
692,question_answering,triton_c5_2xlarge_1,17396,14,17422
695,question_answering,triton_g4dn_xlarge_3,17456,3,17471
693,object_detection,triton_t2_large_6,17443,31,17487
697,image_classification,triton_g4dn_xlarge_3,17510,7,17530
698,image_classification,triton_g4dn_xlarge_3,17522,7,17541
699,image_classification,triton_g4dn_xlarge_3,17536,7,17555
700,image_classification,triton_g4dn_xlarge_3,17597,7,17617
694,speech_recognition,triton_c5_2xlarge_1,17451,174,17637
701,speech_recognition,triton_g4dn_xlarge_3,17612,19,17643
702,image_classification,triton_c5_2xlarge_1,17614,25,17673
703,object_detection,triton_g4dn_xlarge_3,17669,9,17692
705,question_answering,triton_g4dn_xlarge_3,17690,3,17705
704,object_detection,triton_c5_2xlarge_1,17688,16,17716
706,question_answering,triton_c5_2xlarge_1,17726,13,17751
677,speech_recognition,triton_t2_large_8,17156,589,17758
680,speech_recognition,triton_t2_large_7,17202,560,17774
707,question_answering,triton_g4dn_xlarge_3,17768,3,17783
708,object_detection,triton_t2_large_7,17843,30,17887
711,speech_recognition,triton_g4dn_xlarge_3,17893,18,17923
709,object_detection,triton_t2_large_8,17878,34,17925
713,image_classification,triton_t2_large_8,17940,76,18029
714,object_detection,triton_g4dn_xlarge_3,18007,15,18034
696,speech_recognition,triton_t2_large_6,17476,568,18056
715,object_detection,triton_t2_large_8,18030,26,18068
710,speech_recognition,triton_c5_2xlarge_1,17880,177,18069
716,question_answering,triton_c5_2xlarge_1,18067,14,18094
717,object_detection,triton_g4dn_xlarge_3,18085,9,18106
720,question_answering,triton_c5_2xlarge_1,18145,12,18170
721,question_answering,triton_g4dn_xlarge_3,18155,3,18171
722,object_detection,triton_c5_2xlarge_1,18167,19,18198
719,image_classification,triton_t2_large_8,18122,74,18209
723,image_classification,triton_g4dn_xlarge_3,18196,7,18215
724,object_detection,triton_t2_large_8,18212,33,18258
725,image_classification,triton_c5_2xlarge_1,18220,26,18258
726,image_classification,triton_g4dn_xlarge_3,18235,13,18261
727,object_detection,triton_t2_large_8,18242,30,18295
729,speech_recognition,triton_g4dn_xlarge_3,18288,18,18319
731,object_detection,triton_g4dn_xlarge_3,18322,12,18347
732,speech_recognition,triton_g4dn_xlarge_3,18347,19,18379
733,speech_recognition,triton_g4dn_xlarge_3,18393,19,18426
734,question_answering,triton_g4dn_xlarge_3,18404,3,18431
712,speech_recognition,triton_t2_large_7,17935,562,18509
736,question_answering,triton_g4dn_xlarge_3,18502,3,18518
737,question_answering,triton_g4dn_xlarge_3,18505,3,18531
740,object_detection,triton_g4dn_xlarge_3,18522,10,18545
735,question_answering,triton_t2_large_7,18499,45,18556
738,speech_recognition,triton_g4dn_xlarge_3,18517,18,18569
728,speech_recognition,triton_c5_2xlarge_1,18242,311,18576
741,object_detection,triton_g4dn_xlarge_3,18559,10,18581
739,object_detection,triton_t2_large_7,18519,33,18597
718,speech_recognition,triton_t2_large_6,18092,564,18669
744,speech_recognition,triton_g4dn_xlarge_3,18656,19,18687
742,image_classification,triton_t2_large_7,18621,66,18700
745,object_detection,triton_t2_large_7,18697,28,18738
746,question_answering,triton_t2_large_6,18713,37,18763
747,image_classification,triton_g4dn_xlarge_3,18744,8,18764
750,question_answering,triton_g4dn_xlarge_3,18829,3,18845
748,question_answering,triton_t2_large_7,18802,37,18852
752,speech_recognition,triton_g4dn_xlarge_3,18863,19,18894
751,question_answering,triton_t2_large_7,18855,30,18898
730,speech_recognition,triton_t2_large_8,18305,593,18911
753,question_answering,triton_t2_large_7,18868,30,18932
755,speech_recognition,triton_g4dn_xlarge_3,18911,19,18942
757,image_classification,triton_g4dn_xlarge_3,18941,8,18962
754,question_answering,triton_t2_large_8,18905,45,18963
743,speech_recognition,triton_c5_2xlarge_1,18655,303,18971
756,object_detection,triton_t2_large_7,18919,30,18972
759,question_answering,triton_c5_2xlarge_1,18971,14,18998
760,image_classification,triton_g4dn_xlarge_3,18990,7,19009
762,image_classification,triton_c5_2xlarge_1,19054,21,19088
761,image_classification,triton_t2_large_7,19019,75,19106
763,question_answering,triton_g4dn_xlarge_3,19115,3,19131
765,question_answering,triton_c5_2xlarge_1,19121,12,19146
764,object_detection,triton_t2_large_7,19117,30,19160
766,speech_recognition,triton_g4dn_xlarge_3,19189,18,19220
768,question_answering,triton_c5_2xlarge_1,19238,12,19263
769,object_detection,triton_g4dn_xlarge_3,19244,10,19267
770,image_classification,triton_c5_2xlarge_1,19249,25,19298
771,object_detection,triton_g4dn_xlarge_3,19279,9,19302
773,image_classification,triton_g4dn_xlarge_3,19313,8,19334
775,object_detection,triton_g4dn_xlarge_3,19326,8,19347
774,object_detection,triton_g4dn_xlarge_3,19318,9,19361
776,question_answering,triton_g4dn_xlarge_3,19330,3,19366
777,object_detection,triton_g4dn_xlarge_3,19355,8,19376
749,speech_recognition,triton_t2_large_6,18811,559,19384
779,image_classification,triton_g4dn_xlarge_3,19421,7,19441
780,object_detection,triton_g4dn_xlarge_3,19441,9,19463
778,object_detection,triton_t2_large_6,19418,34,19465
758,speech_recognition,triton_t2_large_8,18958,592,19563
782,speech_recognition,triton_g4dn_xlarge_3,19546,18,19577
772,speech_recognition,triton_c5_2xlarge_1,19313,303,19630
784,question_answering,triton_g4dn_xlarge_3,19614,3,19630
785,image_classification,triton_g4dn_xlarge_3,19614,8,19646
786,image_classification,triton_c5_2xlarge_1,19623,26,19663
783,image_classification,triton_t2_large_8,19585,69,19666
787,speech_recognition,triton_g4dn_xlarge_3,19628,18,19670
788,object_detection,triton_t2_large_8,19671,26,19710
790,object_detection,triton_g4dn_xlarge_3,19707,9,19730
792,question_answering,triton_g4dn_xlarge_3,19742,3,19758
767,speech_recognition,triton_t2_large_7,19195,567,19775
793,speech_recognition,triton_g4dn_xlarge_3,19753,18,19784
795,question_answering,triton_g4dn_xlarge_3,19810,3,19826
794,image_classification,triton_t2_large_7,19755,77,19856
797,question_answering,triton_g4dn_xlarge_3,19860,3,19876
798,object_detection,triton_g4dn_xlarge_3,19875,9,19897
796,question_answering,triton_t2_large_7,19850,40,19903
800,question_answering,triton_g4dn_xlarge_3,19924,3,19939
799,question_answering,triton_t2_large_7,19912,30,19955
801,question_answering,triton_t2_large_7,19956,30,19999
789,speech_recognition,triton_c5_2xlarge_1,19698,303,20013
781,speech_recognition,triton_t2_large_6,19524,563,20100
803,image_classification,triton_g4dn_xlarge_3,20080,7,20100
802,question_answering,triton_c5_2xlarge_1,20076,12,20101
807,speech_recognition,triton_g4dn_xlarge_3,20239,18,20270
808,question_answering,triton_g4dn_xlarge_3,20240,3,20277
810,speech_recognition,triton_g4dn_xlarge_3,20266,19,20298
812,object_detection,triton_g4dn_xlarge_3,20277,9,20309
813,speech_recognition,triton_g4dn_xlarge_3,20284,21,20340
791,speech_recognition,triton_t2_large_8,19740,592,20345
809,speech_recognition,triton_g4dn_xlarge_3,20253,21,20361
811,object_detection,triton_t2_large_8,20275,38,20389
814,question_answering,triton_g4dn_xlarge_3,20374,3,20392
816,image_classification,triton_g4dn_xlarge_3,20388,16,20417
815,question_answering,triton_t2_large_8,20381,37,20431
817,speech_recognition,triton_g4dn_xlarge_3,20392,19,20446
820,object_detection,triton_g4dn_xlarge_3,20425,9,20458
818,question_answering,triton_g4dn_xlarge_3,20416,3,20463
819,object_detection,triton_t2_large_8,20422,42,20478
821,image_classification,triton_g4dn_xlarge_3,20455,13,20481
806,speech_recognition,triton_c5_2xlarge_1,20227,303,20544
824,question_answering,triton_g4dn_xlarge_3,20569,3,20586
823,question_answering,triton_c5_2xlarge_1,20555,20,20588
822,image_classification,triton_t2_large_8,20555,74,20642
826,speech_recognition,triton_g4dn_xlarge_3,20678,18,20709
804,speech_recognition,triton_t2_large_7,20148,568,20729
828,object_detection,triton_g4dn_xlarge_3,20730,9,20752
805,speech_recognition,triton_t2_large_6,20174,573,20759
827,image_classification,triton_t2_large_8,20687,77,20778
829,object_detection,triton_t2_large_7,20775,32,20820
832,question_answering,triton_g4dn_xlarge_3,20873,3,20889
831,object_detection,triton_t2_large_8,20865,29,20908
825,speech_recognition,triton_c5_2xlarge_1,20592,309,20914
835,image_classification,triton_c5_2xlarge_1,20938,21,20973
836,object_detection,triton_g4dn_xlarge_3,20965,9,20987
838,question_answering,triton_g4dn_xlarge_3,20975,4,20992
833,image_classification,triton_t2_large_7,20920,67,21000
840,object_detection,triton_g4dn_xlarge_3,20985,9,21007
839,question_answering,triton_g4dn_xlarge_3,20976,3,21014
842,question_answering,triton_g4dn_xlarge_3,21027,3,21044
843,image_classification,triton_g4dn_xlarge_3,21044,7,21065
841,image_classification,triton_t2_large_7,20990,67,21071
845,object_detection,triton_g4dn_xlarge_3,21084,9,21106
844,object_detection,triton_t2_large_7,21068,28,21108
837,speech_recognition,triton_c5_2xlarge_1,20975,177,21165
848,question_answering,triton_g4dn_xlarge_3,21166,3,21182
847,image_classification,triton_c5_2xlarge_1,21163,24,21200
849,object_detection,triton_g4dn_xlarge_3,21185,9,21207
851,speech_recognition,triton_g4dn_xlarge_3,21208,18,21240
853,image_classification,triton_g4dn_xlarge_3,21218,7,21249
852,object_detection,triton_g4dn_xlarge_3,21214,9,21268
854,speech_recognition,triton_g4dn_xlarge_3,21277,19,21309
855,speech_recognition,triton_g4dn_xlarge_3,21332,19,21365
856,object_detection,triton_g4dn_xlarge_3,21341,9,21383
850,speech_recognition,triton_c5_2xlarge_1,21204,177,21393
830,speech_recognition,triton_t2_large_6,20821,561,21395
857,image_classification,triton_t2_large_6,21413,68,21494
834,speech_recognition,triton_t2_large_8,20930,594,21538
858,object_detection,triton_c5_2xlarge_1,21510,22,21545
859,image_classification,triton_g4dn_xlarge_3,21601,7,21622
862,image_classification,triton_c5_2xlarge_1,21644,20,21677
846,speech_recognition,triton_t2_large_7,21087,567,21678
860,image_classification,triton_t2_large_6,21608,72,21693
863,question_answering,triton_g4dn_xlarge_3,21689,3,21706
864,object_detection,triton_t2_large_7,21718,33,21764
866,question_answering,triton_c5_2xlarge_1,21800,18,21832
867,object_detection,triton_g4dn_xlarge_3,21815,9,21838
868,question_answering,triton_t2_large_7,21825,30,21868
869,object_detection,triton_c5_2xlarge_1,21885,19,21917
870,question_answering,triton_g4dn_xlarge_3,21899,3,21917
873,question_answering,triton_g4dn_xlarge_3,21964,3,21981
872,question_answering,triton_c5_2xlarge_1,21959,19,21991
871,question_answering,triton_t2_large_7,21950,30,21993
874,question_answering,triton_g4dn_xlarge_3,21967,3,21993
877,image_classification,triton_g4dn_xlarge_3,22037,11,22061
876,image_classification,triton_c5_2xlarge_1,22033,21,22067
875,object_detection,triton_t2_large_7,22030,25,22068
879,object_detection,triton_c5_2xlarge_1,22150,19,22182
880,speech_recognition,triton_g4dn_xlarge_3,22155,18,22186
878,image_classification,triton_t2_large_7,22105,70,22189
882,question_answering,triton_c5_2xlarge_1,22193,18,22225
881,question_answering,triton_t2_large_7,22189,34,22237
861,speech_recognition,triton_t2_large_8,21638,593,22245
883,question_answering,triton_g4dn_xlarge_3,22235,3,22251
887,question_answering,triton_g4dn_xlarge_3,22291,3,22307
885,question_answering,triton_t2_large_8,22266,36,22315
865,speech_recognition,triton_t2_large_6,21726,575,22315
889,object_detection,triton_t2_large_8,22306,30,22349
890,image_classification,triton_g4dn_xlarge_3,22409,7,22430
886,speech_recognition,triton_c5_2xlarge_1,22280,176,22469
892,question_answering,triton_c5_2xlarge_1,22486,19,22518
893,question_answering,triton_g4dn_xlarge_3,22521,3,22537
894,question_answering,triton_c5_2xlarge_1,22548,18,22580
895,question_answering,triton_g4dn_xlarge_3,22569,3,22585
897,object_detection,triton_g4dn_xlarge_3,22579,9,22602
896,image_classification,triton_c5_2xlarge_1,22576,26,22615
899,image_classification,triton_g4dn_xlarge_3,22610,7,22631
900,speech_recognition,triton_g4dn_xlarge_3,22682,19,22714
901,image_classification,triton_g4dn_xlarge_3,22701,13,22738
902,image_classification,triton_g4dn_xlarge_3,22758,7,22779
898,speech_recognition,triton_c5_2xlarge_1,22609,177,22799
903,speech_recognition,triton_g4dn_xlarge_3,22777,18,22809
884,speech_recognition,triton_t2_large_7,22235,563,22811
904,object_detection,triton_t2_large_7,22806,28,22849
888,speech_recognition,triton_t2_large_6,22293,560,22876
905,image_classification,triton_c5_2xlarge_1,22847,21,22882
906,speech_recognition,triton_g4dn_xlarge_3,22866,19,22898
909,question_answering,triton_c5_2xlarge_1,23025,19,23057
891,speech_recognition,triton_t2_large_8,22454,595,23062
908,question_answering,triton_t2_large_6,23015,34,23062
910,image_classification,triton_g4dn_xlarge_3,23072,8,23093
913,image_classification,triton_c5_2xlarge_1,23152,21,23186
912,question_answering,triton_t2_large_8,23147,40,23201
914,object_detection,triton_g4dn_xlarge_3,23219,10,23243
916,image_classification,triton_c5_2xlarge_1,23259,25,23298
915,image_classification,triton_t2_large_8,23220,71,23305
917,image_classification,triton_g4dn_xlarge_3,23289,7,23310
918,object_detection,triton_t2_large_8,23313,26,23353
920,question_answering,triton_g4dn_xlarge_3,23373,3,23389
919,image_classification,triton_c5_2xlarge_1,23367,20,23401
921,image_classification,triton_t2_large_8,23376,79,23468
923,speech_recognition,triton_g4dn_xlarge_3,23474,19,23506
925,image_classification,triton_g4dn_xlarge_3,23477,7,23520
924,question_answering,triton_t2_large_8,23477,35,23526
926,object_detection,triton_g4dn_xlarge_3,23478,9,23532
928,speech_recognition,triton_g4dn_xlarge_3,23527,19,23560
927,object_detection,triton_t2_large_8,23520,33,23566
907,speech_recognition,triton_t2_large_7,22997,564,23574
922,speech_recognition,triton_c5_2xlarge_1,23388,179,23581
929,question_answering,triton_t2_large_7,23604,37,23655
931,image_classification,triton_c5_2xlarge_1,23636,21,23671
932,question_answering,triton_g4dn_xlarge_3,23664,3,23681
911,speech_recognition,triton_t2_large_6,23120,560,23693
933,question_answering,triton_t2_large_7,23673,30,23717
936,object_detection,triton_g4dn_xlarge_3,23704,13,23730
935,question_answering,triton_c5_2xlarge_1,23703,19,23736
938,speech_recognition,triton_g4dn_xlarge_3,23722,18,23754
937,object_detection,triton_t2_large_7,23707,36,23757
939,object_detection,triton_t2_large_7,23744,28,23786
941,question_answering,triton_g4dn_xlarge_3,23832,3,23849
940,question_answering,triton_c5_2xlarge_1,23823,18,23855
943,question_answering,triton_c5_2xlarge_1,23866,19,23898
944,object_detection,triton_g4dn_xlarge_3,23872,12,23898
945,question_answering,triton_c5_2xlarge_1,23932,18,23964
946,image_classification,triton_g4dn_xlarge_3,23946,7,23968
947,question_answering,triton_c5_2xlarge_1,23968,18,24000
948,speech_recognition,triton_g4dn_xlarge_3,23986,18,24018
949,object_detection,triton_c5_2xlarge_1,24002,19,24034
950,object_detection,triton_g4dn_xlarge_3,24048,9,24071
951,image_classification,triton_c5_2xlarge_1,24061,21,24096
952,object_detection,triton_g4dn_xlarge_3,24105,9,24129
954,image_classification,triton_g4dn_xlarge_3,24128,11,24153
955,image_classification,triton_g4dn_xlarge_3,24194,7,24215
930,speech_recognition,triton_t2_large_8,23617,592,24222
957,question_answering,triton_g4dn_xlarge_3,24243,3,24260
934,speech_recognition,triton_t2_large_6,23698,560,24272
958,object_detection,triton_g4dn_xlarge_3,24257,9,24280
960,question_answering,triton_g4dn_xlarge_3,24279,3,24296
956,object_detection,triton_t2_large_8,24234,53,24301
953,speech_recognition,triton_c5_2xlarge_1,24116,177,24307
959,question_answering,triton_t2_large_6,24275,30,24318
942,speech_recognition,triton_t2_large_7,23838,563,24414
963,object_detection,triton_c5_2xlarge_1,24384,20,24418
964,object_detection,triton_g4dn_xlarge_3,24395,10,24419
966,object_detection,triton_c5_2xlarge_1,24421,18,24453
967,object_detection,triton_g4dn_xlarge_3,24442,9,24465
968,question_answering,triton_c5_2xlarge_1,24491,19,24524
969,image_classification,triton_g4dn_xlarge_3,24535,7,24556
971,image_classification,triton_g4dn_xlarge_3,24558,7,24579
972,object_detection,triton_g4dn_xlarge_3,24596,9,24619
973,object_detection,triton_g4dn_xlarge_3,24597,9,24630
974,image_classification,triton_g4dn_xlarge_3,24611,7,24642
975,object_detection,triton_g4dn_xlarge_3,24644,9,24666
970,speech_recognition,triton_c5_2xlarge_1,24556,173,24744
976,speech_recognition,triton_g4dn_xlarge_3,24719,19,24751
961,speech_recognition,triton_t2_large_6,24336,560,24910
977,speech_recognition,triton_c5_2xlarge_1,24762,176,24951
962,speech_recognition,triton_t2_large_8,24344,596,24955
978,speech_recognition,triton_g4dn_xlarge_3,24937,18,24969
965,speech_recognition,triton_t2_large_7,24405,561,24979
982,image_classification,triton_g4dn_xlarge_3,25072,8,25094
981,image_classification,triton_c5_2xlarge_1,25069,21,25105
985,image_classification,triton_g4dn_xlarge_3,25195,8,25216
984,image_classification,triton_c5_2xlarge_1,25192,21,25227
987,image_classification,triton_g4dn_xlarge_3,25234,7,25255
989,image_classification,triton_g4dn_xlarge_3,25248,7,25269
990,image_classification,triton_g4dn_xlarge_3,25259,12,25285
988,image_classification,triton_g4dn_xlarge_3,25241,7,25294
991,image_classification,triton_g4dn_xlarge_3,25278,7,25310
992,image_classification,triton_g4dn_xlarge_3,25377,7,25398
986,speech_recognition,triton_c5_2xlarge_1,25225,177,25416
993,image_classification,triton_c5_2xlarge_1,25434,21,25469
979,speech_recognition,triton_t2_large_6,24958,560,25532
980,speech_recognition,triton_t2_large_8,25007,598,25619
994,image_classification,triton_g4dn_xlarge_3,25612,7,25633
983,speech_recognition,triton_t2_large_7,25090,564,25668
995,image_classification,triton_t2_large_6,25640,67,25721
996,image_classification,triton_t2_large_8,25661,74,25749
997,image_classification,triton_c5_2xlarge_1,25785,22,25821
998,image_classification,triton_g4dn_xlarge_3,25980,8,26002
999,image_classification,triton_t2_large_7,26062,72,26149
1000,image_classification,triton_t2_large_6,26184,67,26264
