task_id,task_type,assigned_machine,arrival_time,inference_time,completion_time
2,question_answering,triton_t2_large_6,6,31,46
1,object_detection,triton_t2_large_7,5,35,50
3,question_answering,triton_t2_large_8,21,43,73
7,question_answering,triton_t2_large_5,53,35,97
12,question_answering,triton_c5_2xlarge_3,86,15,112
8,question_answering,triton_t2_large_2,59,43,112
4,image_classification,triton_t2_large_1,31,75,116
6,object_detection,triton_t2_large_4,48,59,117
9,object_detection,triton_t2_large_11,67,50,127
10,image_classification,triton_c5_2xlarge_1,67,58,134
5,image_classification,triton_t2_large_3,44,82,136
14,object_detection,triton_t2_large_7,105,31,145
20,object_detection,triton_t2_large_5,150,42,202
17,image_classification,triton_t2_large_1,141,69,220
18,image_classification,triton_t2_large_3,141,79,229
19,image_classification,triton_t2_large_4,146,80,236
22,question_answering,triton_t2_large_11,188,41,238
24,object_detection,triton_c5_2xlarge_3,196,39,244
23,image_classification,triton_c5_2xlarge_1,191,47,247
26,question_answering,triton_t2_large_5,207,34,251
11,speech_recognition,triton_c5_2xlarge_2,72,184,266
28,question_answering,triton_t2_large_1,212,46,268
13,speech_recognition,triton_c5_2xlarge_5,87,199,295
32,image_classification,triton_c5_2xlarge_1,267,26,303
34,image_classification,triton_c5_2xlarge_3,301,28,338
31,image_classification,triton_t2_large_11,261,74,344
35,object_detection,triton_c5_2xlarge_5,320,31,362
36,object_detection,triton_t2_large_1,361,39,411
38,image_classification,triton_c5_2xlarge_1,390,26,426
39,object_detection,triton_c5_2xlarge_3,393,25,428
37,object_detection,triton_t2_large_11,389,32,432
40,image_classification,triton_c5_2xlarge_5,399,26,435
42,image_classification,triton_c5_2xlarge_1,407,23,450
46,object_detection,triton_c5_2xlarge_5,426,24,459
44,object_detection,triton_t2_large_11,413,31,464
47,object_detection,triton_c5_2xlarge_1,432,27,479
49,object_detection,triton_c5_2xlarge_5,454,20,484
45,image_classification,triton_c5_2xlarge_3,422,53,485
33,speech_recognition,triton_c5_2xlarge_2,298,177,485
48,object_detection,triton_t2_large_11,433,28,493
50,question_answering,triton_c5_2xlarge_2,480,14,503
43,image_classification,triton_c5_2xlarge_1,412,25,511
52,object_detection,triton_c5_2xlarge_5,482,20,512
51,object_detection,triton_c5_2xlarge_3,481,23,514
57,object_detection,triton_c5_2xlarge_5,515,17,542
58,object_detection,triton_c5_2xlarge_5,518,17,566
59,question_answering,triton_c5_2xlarge_5,539,14,584
61,object_detection,triton_c5_2xlarge_5,554,18,602
62,image_classification,triton_c5_2xlarge_5,576,31,638
15,speech_recognition,triton_t2_large_6,106,562,677
54,speech_recognition,triton_c5_2xlarge_1,504,182,695
55,speech_recognition,triton_c5_2xlarge_2,507,185,702
56,speech_recognition,triton_c5_2xlarge_3,510,183,702
63,question_answering,triton_c5_2xlarge_1,591,14,711
16,speech_recognition,triton_t2_large_8,121,594,723
64,question_answering,triton_t2_large_6,592,46,723
21,speech_recognition,triton_t2_large_2,155,579,744
69,image_classification,triton_c5_2xlarge_1,650,38,749
79,question_answering,triton_t2_large_6,695,32,757
68,image_classification,triton_c5_2xlarge_3,642,60,763
84,image_classification,triton_c5_2xlarge_1,730,27,777
25,speech_recognition,triton_t2_large_7,202,568,779
70,object_detection,triton_c5_2xlarge_3,650,26,791
74,object_detection,triton_t2_large_2,671,50,793
87,object_detection,triton_c5_2xlarge_1,769,26,805
82,image_classification,triton_t2_large_8,718,79,807
66,object_detection,triton_c5_2xlarge_3,613,18,810
27,speech_recognition,triton_t2_large_3,210,584,814
29,speech_recognition,triton_t2_large_4,230,575,815
76,object_detection,triton_t2_large_2,688,31,824
88,question_answering,triton_c5_2xlarge_3,779,14,825
65,speech_recognition,triton_c5_2xlarge_5,610,187,828
30,speech_recognition,triton_t2_large_5,245,573,828
86,image_classification,triton_c5_2xlarge_1,753,26,831
81,question_answering,triton_c5_2xlarge_3,711,14,841
78,object_detection,triton_c5_2xlarge_5,692,18,846
77,object_detection,triton_c5_2xlarge_1,689,23,858
83,question_answering,triton_t2_large_4,721,43,860
71,question_answering,triton_t2_large_3,659,44,861
60,object_detection,triton_t2_large_2,539,37,861
72,question_answering,triton_t2_large_5,661,50,878
89,object_detection,triton_c5_2xlarge_3,796,30,879
90,object_detection,triton_c5_2xlarge_1,808,19,879
67,speech_recognition,triton_c5_2xlarge_2,641,176,880
91,object_detection,triton_t2_large_3,865,37,912
94,question_answering,triton_t2_large_2,897,37,944
92,image_classification,triton_t2_large_4,866,71,946
93,object_detection,triton_t2_large_5,896,39,946
96,object_detection,triton_c5_2xlarge_2,916,25,952
97,image_classification,triton_c5_2xlarge_3,934,34,977
41,speech_recognition,triton_t2_large_1,406,576,992
102,object_detection,triton_c5_2xlarge_2,965,19,994
98,question_answering,triton_t2_large_3,946,41,997
100,object_detection,triton_t2_large_5,957,32,1000
103,image_classification,triton_c5_2xlarge_3,976,21,1007
99,image_classification,triton_t2_large_4,950,69,1028
101,image_classification,triton_t2_large_2,958,75,1043
80,speech_recognition,triton_c5_2xlarge_5,703,194,1043
107,object_detection,triton_c5_2xlarge_2,1016,17,1043
53,speech_recognition,triton_t2_large_11,484,566,1061
106,object_detection,triton_t2_large_5,1014,40,1064
104,image_classification,triton_t2_large_1,977,75,1073
105,image_classification,triton_t2_large_3,988,82,1081
109,image_classification,triton_c5_2xlarge_5,1052,25,1086
95,speech_recognition,triton_c5_2xlarge_1,901,176,1087
113,object_detection,triton_c5_2xlarge_2,1061,17,1089
111,object_detection,triton_t2_large_2,1052,32,1094
112,question_answering,triton_t2_large_11,1053,44,1108
116,question_answering,triton_t2_large_5,1076,33,1120
118,object_detection,triton_c5_2xlarge_1,1093,17,1120
115,object_detection,triton_t2_large_3,1073,41,1124
110,image_classification,triton_t2_large_4,1052,72,1134
119,question_answering,triton_c5_2xlarge_2,1116,14,1140
120,image_classification,triton_c5_2xlarge_5,1126,22,1158
117,image_classification,triton_t2_large_2,1089,74,1174
126,question_answering,triton_c5_2xlarge_2,1160,14,1185
127,question_answering,triton_c5_2xlarge_5,1163,14,1188
122,object_detection,triton_t2_large_4,1143,35,1188
121,image_classification,triton_t2_large_3,1130,70,1210
129,question_answering,triton_c5_2xlarge_2,1192,12,1214
128,question_answering,triton_t2_large_2,1166,46,1222
108,speech_recognition,triton_c5_2xlarge_3,1042,176,1228
124,image_classification,triton_t2_large_11,1151,72,1233
130,object_detection,triton_c5_2xlarge_5,1206,16,1233
123,image_classification,triton_t2_large_5,1150,78,1238
132,image_classification,triton_t2_large_4,1240,70,1321
133,question_answering,triton_t2_large_5,1279,32,1321
136,object_detection,triton_c5_2xlarge_2,1306,20,1337
85,speech_recognition,triton_t2_large_6,748,584,1341
137,object_detection,triton_c5_2xlarge_3,1307,25,1342
135,object_detection,triton_t2_large_11,1296,38,1344
73,speech_recognition,triton_t2_large_7,666,568,1349
125,speech_recognition,triton_c5_2xlarge_1,1160,178,1350
139,question_answering,triton_t2_large_7,1343,44,1397
140,object_detection,triton_t2_large_6,1364,27,1401
75,speech_recognition,triton_t2_large_8,678,592,1406
142,object_detection,triton_t2_large_5,1372,28,1410
145,question_answering,triton_c5_2xlarge_2,1398,13,1422
144,image_classification,triton_c5_2xlarge_1,1398,21,1430
146,image_classification,triton_c5_2xlarge_3,1400,35,1444
147,question_answering,triton_t2_large_7,1408,30,1448
149,object_detection,triton_t2_large_8,1435,32,1478
152,image_classification,triton_c5_2xlarge_2,1489,21,1521
138,speech_recognition,triton_c5_2xlarge_5,1326,188,1525
154,question_answering,triton_c5_2xlarge_5,1522,15,1547
157,object_detection,triton_c5_2xlarge_2,1556,18,1585
156,object_detection,triton_t2_large_8,1556,28,1594
155,image_classification,triton_t2_large_7,1523,67,1600
159,image_classification,triton_c5_2xlarge_2,1578,26,1614
162,question_answering,triton_c5_2xlarge_2,1624,13,1648
151,speech_recognition,triton_c5_2xlarge_1,1469,180,1659
114,speech_recognition,triton_t2_large_1,1072,578,1659
163,object_detection,triton_c5_2xlarge_2,1647,23,1681
153,speech_recognition,triton_c5_2xlarge_3,1493,179,1682
165,image_classification,triton_c5_2xlarge_1,1652,28,1690
161,image_classification,triton_t2_large_8,1617,74,1702
164,question_answering,triton_t2_large_1,1650,45,1706
167,image_classification,triton_c5_2xlarge_1,1663,20,1716
171,question_answering,triton_c5_2xlarge_1,1723,14,1747
172,question_answering,triton_c5_2xlarge_1,1728,12,1761
158,speech_recognition,triton_c5_2xlarge_5,1572,184,1766
170,image_classification,triton_t2_large_8,1694,69,1773
175,question_answering,triton_c5_2xlarge_5,1757,14,1782
166,image_classification,triton_t2_large_1,1653,82,1789
174,image_classification,triton_c5_2xlarge_1,1753,25,1789
177,question_answering,triton_c5_2xlarge_5,1764,14,1799
178,question_answering,triton_c5_2xlarge_1,1765,14,1810
131,speech_recognition,triton_t2_large_3,1229,581,1820
173,object_detection,triton_c5_2xlarge_5,1734,18,1825
180,question_answering,triton_t2_large_1,1783,44,1837
176,image_classification,triton_t2_large_8,1764,69,1844
179,image_classification,triton_c5_2xlarge_1,1778,25,1845
169,speech_recognition,triton_c5_2xlarge_3,1674,177,1862
168,speech_recognition,triton_c5_2xlarge_2,1671,185,1866
134,speech_recognition,triton_t2_large_2,1292,569,1871
181,question_answering,triton_c5_2xlarge_5,1850,13,1874
182,image_classification,triton_t2_large_8,1854,70,1934
141,speech_recognition,triton_t2_large_4,1365,564,1939
185,object_detection,triton_t2_large_2,1908,33,1951
188,question_answering,triton_c5_2xlarge_3,1929,12,1952
143,speech_recognition,triton_t2_large_11,1385,563,1960
148,speech_recognition,triton_t2_large_6,1419,558,1987
190,question_answering,triton_t2_large_8,1953,35,1999
191,question_answering,triton_t2_large_4,1957,31,1999
194,object_detection,triton_c5_2xlarge_3,2000,18,2029
193,object_detection,triton_t2_large_11,1986,38,2034
150,speech_recognition,triton_t2_large_5,1461,589,2060
195,image_classification,triton_t2_large_6,2002,67,2080
197,question_answering,triton_t2_large_4,2040,31,2082
186,speech_recognition,triton_c5_2xlarge_1,1912,177,2099
187,speech_recognition,triton_c5_2xlarge_2,1920,175,2106
198,question_answering,triton_t2_large_5,2054,44,2108
189,speech_recognition,triton_c5_2xlarge_5,1932,183,2126
200,image_classification,triton_c5_2xlarge_3,2088,27,2126
201,object_detection,triton_t2_large_6,2089,29,2128
204,image_classification,triton_c5_2xlarge_1,2106,27,2144
208,question_answering,triton_c5_2xlarge_5,2119,14,2144
207,object_detection,triton_c5_2xlarge_3,2116,19,2146
211,question_answering,triton_c5_2xlarge_1,2136,14,2161
209,question_answering,triton_c5_2xlarge_3,2126,16,2163
160,speech_recognition,triton_t2_large_7,1596,572,2178
210,question_answering,triton_c5_2xlarge_3,2133,14,2179
212,image_classification,triton_c5_2xlarge_5,2143,26,2180
213,object_detection,triton_c5_2xlarge_1,2143,17,2181
214,image_classification,triton_c5_2xlarge_5,2160,21,2203
216,image_classification,triton_c5_2xlarge_1,2177,33,2220
219,image_classification,triton_c5_2xlarge_5,2195,21,2227
218,image_classification,triton_c5_2xlarge_5,2185,21,2249
220,question_answering,triton_c5_2xlarge_5,2196,14,2264
226,image_classification,triton_c5_2xlarge_5,2244,26,2292
205,speech_recognition,triton_c5_2xlarge_2,2106,178,2295
225,object_detection,triton_c5_2xlarge_5,2237,26,2326
224,image_classification,triton_c5_2xlarge_2,2225,32,2332
228,question_answering,triton_c5_2xlarge_5,2295,14,2342
227,image_classification,triton_c5_2xlarge_2,2280,21,2355
233,question_answering,triton_c5_2xlarge_2,2345,14,2370
221,image_classification,triton_c5_2xlarge_5,2197,26,2370
217,speech_recognition,triton_c5_2xlarge_3,2182,179,2371
234,object_detection,triton_c5_2xlarge_5,2360,18,2389
232,object_detection,triton_c5_2xlarge_2,2340,21,2392
223,speech_recognition,triton_c5_2xlarge_1,2211,180,2401
230,image_classification,triton_c5_2xlarge_3,2320,28,2401
229,object_detection,triton_c5_2xlarge_5,2297,17,2408
231,image_classification,triton_c5_2xlarge_1,2326,28,2439
235,question_answering,triton_c5_2xlarge_3,2365,34,2442
183,speech_recognition,triton_t2_large_1,1864,573,2448
184,speech_recognition,triton_t2_large_3,1872,573,2456
239,question_answering,triton_t2_large_1,2410,43,2495
242,image_classification,triton_t2_large_3,2435,81,2537
241,object_detection,triton_t2_large_1,2433,47,2543
192,speech_recognition,triton_t2_large_2,1957,586,2553
243,object_detection,triton_t2_large_3,2454,37,2576
222,speech_recognition,triton_c5_2xlarge_2,2197,186,2583
236,speech_recognition,triton_c5_2xlarge_5,2378,185,2596
246,question_answering,triton_t2_large_2,2461,44,2601
252,image_classification,triton_c5_2xlarge_2,2552,27,2610
196,speech_recognition,triton_t2_large_8,2012,589,2613
254,object_detection,triton_c5_2xlarge_5,2589,18,2617
238,speech_recognition,triton_c5_2xlarge_1,2408,180,2619
240,speech_recognition,triton_c5_2xlarge_3,2432,185,2628
249,object_detection,triton_c5_2xlarge_2,2505,17,2629
256,question_answering,triton_c5_2xlarge_5,2596,14,2632
253,question_answering,triton_t2_large_2,2571,32,2634
255,image_classification,triton_c5_2xlarge_1,2589,26,2646
263,question_answering,triton_c5_2xlarge_5,2622,15,2647
199,speech_recognition,triton_t2_large_11,2065,572,2648
257,object_detection,triton_c5_2xlarge_3,2600,18,2649
259,object_detection,triton_t2_large_8,2603,41,2654
260,image_classification,triton_c5_2xlarge_2,2608,26,2655
237,question_answering,triton_c5_2xlarge_1,2404,18,2665
258,question_answering,triton_c5_2xlarge_3,2601,14,2668
244,question_answering,triton_c5_2xlarge_5,2456,13,2671
248,object_detection,triton_t2_large_2,2497,40,2676
269,question_answering,triton_c5_2xlarge_5,2663,13,2687
202,speech_recognition,triton_t2_large_4,2100,576,2687
203,speech_recognition,triton_t2_large_5,2102,577,2689
265,object_detection,triton_t2_large_11,2636,35,2693
206,speech_recognition,triton_t2_large_6,2110,564,2696
264,image_classification,triton_c5_2xlarge_1,2626,27,2696
261,question_answering,triton_t2_large_8,2615,43,2701
250,question_answering,triton_c5_2xlarge_5,2510,13,2705
266,image_classification,triton_c5_2xlarge_3,2636,36,2705
268,image_classification,triton_c5_2xlarge_1,2660,21,2724
272,question_answering,triton_c5_2xlarge_3,2702,14,2726
245,object_detection,triton_t2_large_4,2457,43,2734
271,question_answering,triton_t2_large_5,2670,45,2737
273,object_detection,triton_c5_2xlarge_5,2712,16,2739
215,speech_recognition,triton_t2_large_7,2166,562,2749
274,object_detection,triton_t2_large_6,2714,26,2751
270,image_classification,triton_t2_large_2,2667,76,2754
267,image_classification,triton_t2_large_11,2649,70,2773
275,question_answering,triton_t2_large_8,2733,34,2779
277,object_detection,triton_t2_large_5,2761,29,2801
280,object_detection,triton_c5_2xlarge_1,2790,21,2822
281,object_detection,triton_c5_2xlarge_3,2792,22,2825
282,question_answering,triton_c5_2xlarge_5,2802,13,2827
279,question_answering,triton_t2_large_11,2787,30,2828
262,speech_recognition,triton_c5_2xlarge_2,2615,185,2843
287,object_detection,triton_t2_large_11,2841,28,2880
283,image_classification,triton_t2_large_7,2803,77,2891
291,image_classification,triton_c5_2xlarge_5,2929,21,2961
292,object_detection,triton_t2_large_7,2939,27,2978
293,object_detection,triton_t2_large_11,2940,28,2980
294,object_detection,triton_t2_large_7,2950,24,3007
296,question_answering,triton_t2_large_11,2962,42,3026
288,speech_recognition,triton_c5_2xlarge_1,2846,179,3035
289,speech_recognition,triton_c5_2xlarge_2,2853,178,3042
298,question_answering,triton_c5_2xlarge_1,2980,14,3057
300,image_classification,triton_c5_2xlarge_2,3035,26,3072
290,speech_recognition,triton_c5_2xlarge_3,2894,178,3083
297,image_classification,triton_t2_large_7,2966,77,3087
301,image_classification,triton_c5_2xlarge_1,3039,27,3089
302,question_answering,triton_c5_2xlarge_2,3064,14,3089
299,image_classification,triton_t2_large_11,3018,79,3108
247,speech_recognition,triton_t2_large_1,2490,566,3109
303,image_classification,triton_c5_2xlarge_3,3064,27,3112
305,image_classification,triton_c5_2xlarge_1,3092,21,3124
306,image_classification,triton_c5_2xlarge_2,3096,23,3131
307,question_answering,triton_c5_2xlarge_3,3109,14,3134
295,speech_recognition,triton_c5_2xlarge_5,2958,184,3154
251,speech_recognition,triton_t2_large_3,2515,577,3156
310,object_detection,triton_c5_2xlarge_1,3146,16,3173
309,question_answering,triton_t2_large_11,3140,30,3182
313,question_answering,triton_c5_2xlarge_5,3174,13,3198
308,image_classification,triton_t2_large_1,3126,71,3208
316,object_detection,triton_c5_2xlarge_1,3204,16,3231
318,question_answering,triton_t2_large_1,3246,31,3290
276,speech_recognition,triton_t2_large_4,2748,563,3322
311,speech_recognition,triton_c5_2xlarge_2,3164,177,3353
312,speech_recognition,triton_c5_2xlarge_3,3166,175,3353
278,speech_recognition,triton_t2_large_2,2781,566,3359
323,question_answering,triton_t2_large_4,3303,43,3368
327,object_detection,triton_c5_2xlarge_3,3324,19,3375
324,object_detection,triton_t2_large_2,3305,31,3391
284,speech_recognition,triton_t2_large_6,2823,566,3401
317,speech_recognition,triton_c5_2xlarge_5,3211,182,3405
330,image_classification,triton_c5_2xlarge_3,3356,35,3413
286,speech_recognition,triton_t2_large_5,2836,567,3415
329,object_detection,triton_t2_large_2,3350,27,3420
320,object_detection,triton_t2_large_4,3261,52,3421
285,speech_recognition,triton_t2_large_8,2830,588,3429
319,speech_recognition,triton_c5_2xlarge_1,3247,175,3433
322,object_detection,triton_c5_2xlarge_3,3287,20,3437
328,image_classification,triton_c5_2xlarge_5,3340,32,3438
331,object_detection,triton_t2_large_6,3361,36,3440
334,question_answering,triton_c5_2xlarge_1,3426,14,3451
332,question_answering,triton_t2_large_5,3373,46,3463
335,object_detection,triton_c5_2xlarge_3,3439,17,3467
325,image_classification,triton_t2_large_4,3320,72,3500
333,image_classification,triton_t2_large_2,3422,69,3502
337,object_detection,triton_t2_large_6,3474,24,3511
341,object_detection,triton_c5_2xlarge_3,3492,18,3521
339,object_detection,triton_t2_large_5,3485,30,3526
326,speech_recognition,triton_c5_2xlarge_2,3322,177,3531
344,object_detection,triton_c5_2xlarge_3,3499,17,3538
343,object_detection,triton_t2_large_2,3499,33,3544
345,question_answering,triton_t2_large_6,3515,29,3556
338,image_classification,triton_t2_large_8,3478,74,3563
347,image_classification,triton_c5_2xlarge_2,3533,25,3569
346,question_answering,triton_t2_large_5,3530,32,3573
342,image_classification,triton_t2_large_4,3493,71,3575
349,question_answering,triton_t2_large_2,3544,34,3590
350,question_answering,triton_t2_large_6,3554,29,3594
354,question_answering,triton_c5_2xlarge_2,3578,13,3602
352,object_detection,triton_t2_large_4,3568,34,3614
357,question_answering,triton_t2_large_6,3588,29,3628
358,image_classification,triton_c5_2xlarge_2,3598,27,3637
336,speech_recognition,triton_c5_2xlarge_5,3447,183,3641
351,image_classification,triton_t2_large_8,3564,69,3645
359,question_answering,triton_t2_large_4,3606,38,3655
362,object_detection,triton_c5_2xlarge_2,3628,18,3658
304,speech_recognition,triton_t2_large_7,3064,563,3659
360,image_classification,triton_c5_2xlarge_5,3622,26,3670
356,image_classification,triton_t2_large_2,3583,77,3672
363,object_detection,triton_t2_large_8,3628,32,3683
365,object_detection,triton_t2_large_4,3645,33,3689
367,image_classification,triton_c5_2xlarge_5,3666,23,3700
364,question_answering,triton_t2_large_7,3644,40,3706
355,image_classification,triton_t2_large_6,3578,78,3709
366,object_detection,triton_t2_large_2,3655,36,3713
348,speech_recognition,triton_c5_2xlarge_3,3540,182,3733
369,question_answering,triton_t2_large_4,3682,43,3736
371,question_answering,triton_t2_large_7,3706,30,3747
372,question_answering,triton_t2_large_6,3707,38,3756
368,image_classification,triton_t2_large_8,3677,74,3762
378,image_classification,triton_c5_2xlarge_3,3727,26,3764
314,speech_recognition,triton_t2_large_3,3185,577,3773
315,speech_recognition,triton_t2_large_11,3190,575,3776
374,question_answering,triton_c5_2xlarge_3,3711,14,3779
376,object_detection,triton_t2_large_7,3719,42,3793
340,speech_recognition,triton_c5_2xlarge_1,3486,303,3800
375,image_classification,triton_t2_large_4,3718,77,3818
382,question_answering,triton_c5_2xlarge_1,3813,18,3843
361,speech_recognition,triton_c5_2xlarge_2,3622,182,3848
380,image_classification,triton_t2_large_3,3770,75,3856
383,image_classification,triton_c5_2xlarge_3,3830,21,3863
321,speech_recognition,triton_t2_large_1,3281,579,3871
384,object_detection,triton_t2_large_7,3834,31,3877
370,speech_recognition,triton_c5_2xlarge_5,3698,184,3893
385,object_detection,triton_t2_large_3,3854,33,3899
387,image_classification,triton_c5_2xlarge_1,3891,21,3924
388,object_detection,triton_c5_2xlarge_2,3919,18,3949
390,object_detection,triton_c5_2xlarge_5,3929,20,3960
389,image_classification,triton_c5_2xlarge_3,3928,22,3962
391,question_answering,triton_t2_large_7,3930,31,3974
393,object_detection,triton_t2_large_3,3958,39,4008
394,question_answering,triton_c5_2xlarge_1,3988,18,4019
395,image_classification,triton_c5_2xlarge_2,3991,26,4029
392,image_classification,triton_t2_large_1,3943,78,4033
397,object_detection,triton_c5_2xlarge_5,4037,18,4067
398,object_detection,triton_t2_large_7,4038,33,4083
402,question_answering,triton_c5_2xlarge_2,4084,13,4110
403,object_detection,triton_c5_2xlarge_5,4086,16,4113
405,image_classification,triton_c5_2xlarge_2,4109,25,4146
404,question_answering,triton_t2_large_7,4100,38,4150
400,image_classification,triton_t2_large_3,4070,73,4154
353,speech_recognition,triton_t2_large_5,3574,576,4162
406,object_detection,triton_c5_2xlarge_5,4141,16,4169
396,speech_recognition,triton_c5_2xlarge_3,3995,178,4185
410,object_detection,triton_c5_2xlarge_2,4166,19,4197
412,question_answering,triton_c5_2xlarge_5,4185,13,4210
413,question_answering,triton_c5_2xlarge_2,4217,13,4242
414,object_detection,triton_c5_2xlarge_5,4221,16,4250
415,object_detection,triton_c5_2xlarge_2,4232,21,4265
373,speech_recognition,triton_t2_large_2,3708,569,4288
416,question_answering,triton_c5_2xlarge_5,4244,36,4292
417,image_classification,triton_c5_2xlarge_2,4271,24,4309
418,object_detection,triton_c5_2xlarge_5,4276,17,4316
379,speech_recognition,triton_t2_large_6,3730,563,4326
420,object_detection,triton_c5_2xlarge_2,4322,19,4353
381,speech_recognition,triton_t2_large_11,3781,563,4356
377,speech_recognition,triton_t2_large_8,3721,597,4361
411,speech_recognition,triton_c5_2xlarge_3,4182,176,4369
421,question_answering,triton_c5_2xlarge_5,4338,19,4370
401,speech_recognition,triton_c5_2xlarge_1,4071,304,4387
422,object_detection,triton_t2_large_6,4366,33,4411
423,question_answering,triton_t2_large_8,4370,35,4417
386,speech_recognition,triton_t2_large_4,3861,561,4434
425,image_classification,triton_c5_2xlarge_1,4421,21,4454
427,image_classification,triton_c5_2xlarge_3,4429,22,4463
426,image_classification,triton_c5_2xlarge_2,4428,24,4463
424,object_detection,triton_t2_large_11,4415,37,4464
428,image_classification,triton_c5_2xlarge_5,4436,22,4470
430,object_detection,triton_t2_large_8,4461,26,4499
431,object_detection,triton_t2_large_4,4465,39,4516
435,question_answering,triton_c5_2xlarge_3,4516,13,4541
434,object_detection,triton_c5_2xlarge_2,4515,16,4544
436,question_answering,triton_c5_2xlarge_5,4517,19,4548
440,object_detection,triton_c5_2xlarge_3,4542,18,4572
439,image_classification,triton_c5_2xlarge_2,4539,27,4577
441,object_detection,triton_c5_2xlarge_5,4556,16,4585
438,question_answering,triton_t2_large_4,4538,40,4590
442,question_answering,triton_c5_2xlarge_2,4557,14,4594
443,question_answering,triton_c5_2xlarge_3,4589,12,4614
444,object_detection,triton_c5_2xlarge_5,4595,17,4623
399,speech_recognition,triton_t2_large_1,4055,576,4643
446,object_detection,triton_c5_2xlarge_2,4617,16,4645
447,object_detection,triton_c5_2xlarge_3,4621,17,4650
445,question_answering,triton_t2_large_4,4614,31,4657
448,question_answering,triton_c5_2xlarge_5,4659,19,4690
451,question_answering,triton_c5_2xlarge_2,4666,12,4691
452,image_classification,triton_c5_2xlarge_3,4671,25,4708
454,object_detection,triton_c5_2xlarge_2,4691,17,4720
407,speech_recognition,triton_t2_large_7,4150,561,4723
453,image_classification,triton_c5_2xlarge_5,4689,25,4726
455,object_detection,triton_c5_2xlarge_3,4701,19,4732
408,speech_recognition,triton_t2_large_3,4153,573,4738
450,image_classification,triton_t2_large_4,4661,68,4741
409,speech_recognition,triton_t2_large_5,4155,578,4745
456,image_classification,triton_c5_2xlarge_5,4721,21,4754
459,object_detection,triton_t2_large_4,4744,29,4786
461,image_classification,triton_c5_2xlarge_2,4758,22,4792
462,object_detection,triton_c5_2xlarge_3,4765,17,4794
460,question_answering,triton_t2_large_5,4756,32,4800
463,question_answering,triton_c5_2xlarge_5,4771,20,4803
464,object_detection,triton_t2_large_4,4775,27,4814
466,object_detection,triton_c5_2xlarge_3,4786,17,4814
458,image_classification,triton_t2_large_3,4733,73,4818
433,speech_recognition,triton_c5_2xlarge_1,4509,303,4824
467,object_detection,triton_t2_large_5,4790,40,4842
468,image_classification,triton_c5_2xlarge_3,4806,26,4844
419,speech_recognition,triton_t2_large_2,4289,569,4870
470,question_answering,triton_t2_large_3,4832,32,4876
472,object_detection,triton_t2_large_5,4851,28,4891
471,image_classification,triton_t2_large_4,4833,67,4912
475,image_classification,triton_c5_2xlarge_3,4884,21,4917
473,question_answering,triton_t2_large_2,4862,43,4917
476,object_detection,triton_t2_large_3,4903,35,4950
477,question_answering,triton_t2_large_4,4904,44,4960
465,speech_recognition,triton_c5_2xlarge_2,4785,180,4977
482,question_answering,triton_t2_large_4,4927,31,4992
479,image_classification,triton_t2_large_2,4914,72,4999
478,image_classification,triton_t2_large_5,4914,77,5005
469,speech_recognition,triton_c5_2xlarge_5,4812,185,5009
429,speech_recognition,triton_t2_large_6,4453,560,5026
484,image_classification,triton_c5_2xlarge_5,4934,26,5036
492,object_detection,triton_c5_2xlarge_5,5016,23,5062
491,object_detection,triton_t2_large_6,5004,39,5065
488,image_classification,triton_t2_large_4,4982,78,5073
487,image_classification,triton_t2_large_2,4961,68,5074
432,speech_recognition,triton_t2_large_11,4497,582,5091
480,speech_recognition,triton_c5_2xlarge_3,4915,183,5111
437,speech_recognition,triton_t2_large_8,4521,589,5122
503,image_classification,triton_c5_2xlarge_3,5067,26,5138
501,image_classification,triton_t2_large_6,5054,79,5145
486,speech_recognition,triton_c5_2xlarge_2,4955,179,5157
494,question_answering,triton_c5_2xlarge_2,5018,14,5172
507,question_answering,triton_t2_large_8,5090,49,5174
474,speech_recognition,triton_c5_2xlarge_1,4869,303,5185
502,question_answering,triton_t2_large_8,5059,34,5212
496,image_classification,triton_c5_2xlarge_1,5027,26,5215
509,object_detection,triton_c5_2xlarge_1,5130,21,5237
449,speech_recognition,triton_t2_large_1,4659,567,5238
506,question_answering,triton_t2_large_8,5072,34,5248
518,question_answering,triton_c5_2xlarge_1,5225,14,5251
493,speech_recognition,triton_c5_2xlarge_5,5018,192,5254
519,image_classification,triton_c5_2xlarge_5,5233,27,5282
457,speech_recognition,triton_t2_large_7,4732,562,5306
514,image_classification,triton_t2_large_1,5185,80,5320
508,speech_recognition,triton_c5_2xlarge_3,5127,186,5325
498,object_detection,triton_c5_2xlarge_3,5049,18,5344
511,speech_recognition,triton_c5_2xlarge_2,5161,183,5357
516,image_classification,triton_c5_2xlarge_2,5198,28,5386
499,image_classification,triton_t2_large_7,5050,79,5387
490,image_classification,triton_t2_large_1,4999,68,5390
495,question_answering,triton_c5_2xlarge_2,5021,14,5401
530,object_detection,triton_c5_2xlarge_2,5370,20,5424
533,object_detection,triton_t2_large_1,5380,37,5430
515,speech_recognition,triton_c5_2xlarge_1,5187,193,5445
531,object_detection,triton_c5_2xlarge_2,5371,21,5446
534,object_detection,triton_c5_2xlarge_1,5404,17,5465
517,speech_recognition,triton_c5_2xlarge_5,5218,190,5473
497,object_detection,triton_c5_2xlarge_5,5046,18,5491
538,image_classification,triton_c5_2xlarge_1,5421,30,5495
539,question_answering,triton_c5_2xlarge_5,5428,15,5507
512,image_classification,triton_t2_large_1,5182,78,5509
523,object_detection,triton_c5_2xlarge_1,5261,17,5513
483,speech_recognition,triton_t2_large_3,4929,571,5523
510,speech_recognition,triton_c5_2xlarge_3,5155,182,5530
543,question_answering,triton_c5_2xlarge_3,5508,14,5544
544,object_detection,triton_t2_large_3,5511,44,5567
513,image_classification,triton_c5_2xlarge_3,5183,25,5574
489,speech_recognition,triton_t2_large_5,4982,576,5582
545,question_answering,triton_c5_2xlarge_3,5542,14,5589
526,question_answering,triton_t2_large_3,5311,35,5606
521,object_detection,triton_c5_2xlarge_3,5247,18,5609
535,speech_recognition,triton_c5_2xlarge_2,5415,184,5633
548,object_detection,triton_t2_large_3,5574,38,5646
481,speech_recognition,triton_t2_large_4,4924,572,5648
522,question_answering,triton_c5_2xlarge_2,5259,14,5649
485,speech_recognition,triton_t2_large_2,4936,586,5661
504,speech_recognition,triton_t2_large_11,5069,572,5664
553,question_answering,triton_t2_large_4,5614,47,5696
558,question_answering,triton_t2_large_2,5653,31,5697
541,speech_recognition,triton_c5_2xlarge_1,5491,187,5702
556,question_answering,triton_t2_large_11,5633,46,5713
540,speech_recognition,triton_c5_2xlarge_5,5455,204,5714
505,speech_recognition,triton_t2_large_6,5069,574,5720
560,question_answering,triton_t2_large_4,5664,30,5728
532,question_answering,triton_t2_large_2,5375,31,5730
557,question_answering,triton_t2_large_11,5647,31,5745
528,object_detection,triton_t2_large_2,5355,33,5764
546,question_answering,triton_t2_large_11,5553,31,5778
551,speech_recognition,triton_c5_2xlarge_3,5599,191,5802
567,object_detection,triton_t2_large_11,5744,34,5812
569,question_answering,triton_c5_2xlarge_3,5760,14,5819
520,speech_recognition,triton_t2_large_8,5236,594,5843
549,speech_recognition,triton_c5_2xlarge_2,5574,195,5845
572,question_answering,triton_c5_2xlarge_2,5768,14,5859
552,speech_recognition,triton_c5_2xlarge_1,5604,175,5878
542,object_detection,triton_c5_2xlarge_2,5505,20,5881
562,speech_recognition,triton_c5_2xlarge_5,5680,181,5895
536,object_detection,triton_c5_2xlarge_1,5418,17,5896
524,object_detection,triton_c5_2xlarge_2,5261,19,5901
578,question_answering,triton_c5_2xlarge_1,5863,14,5910
583,question_answering,triton_c5_2xlarge_5,5883,14,5910
525,question_answering,triton_c5_2xlarge_2,5283,14,5917
581,question_answering,triton_c5_2xlarge_5,5877,14,5926
576,image_classification,triton_t2_large_8,5821,83,5927
537,object_detection,triton_c5_2xlarge_1,5419,17,5929
571,question_answering,triton_c5_2xlarge_5,5765,13,5939
573,object_detection,triton_c5_2xlarge_1,5801,16,5947
585,image_classification,triton_c5_2xlarge_2,5894,34,5952
574,question_answering,triton_c5_2xlarge_5,5812,13,5954
500,speech_recognition,triton_t2_large_7,5053,573,5960
589,object_detection,triton_c5_2xlarge_5,5932,18,5973
554,image_classification,triton_c5_2xlarge_1,5617,26,5974
588,object_detection,triton_c5_2xlarge_2,5930,21,5975
580,question_answering,triton_t2_large_8,5874,56,5985
587,question_answering,triton_c5_2xlarge_1,5911,14,5991
570,question_answering,triton_c5_2xlarge_2,5762,14,5991
566,speech_recognition,triton_c5_2xlarge_3,5743,186,6007
584,question_answering,triton_c5_2xlarge_2,5886,14,6007
591,question_answering,triton_c5_2xlarge_1,5980,14,6007
575,image_classification,triton_c5_2xlarge_5,5816,31,6008
577,object_detection,triton_c5_2xlarge_1,5838,19,6029
586,image_classification,triton_c5_2xlarge_5,5902,27,6037
579,image_classification,triton_t2_large_7,5865,79,6041
594,image_classification,triton_c5_2xlarge_1,6017,26,6057
595,image_classification,triton_c5_2xlarge_5,6028,21,6062
597,object_detection,triton_c5_2xlarge_5,6050,17,6080
527,speech_recognition,triton_t2_large_1,5350,579,6091
599,question_answering,triton_c5_2xlarge_5,6068,14,6095
568,question_answering,triton_c5_2xlarge_5,5753,20,6116
547,speech_recognition,triton_t2_large_5,5571,577,6161
592,speech_recognition,triton_c5_2xlarge_3,5997,178,6187
559,speech_recognition,triton_c5_2xlarge_2,5656,187,6198
605,object_detection,triton_t2_large_5,6149,41,6203
602,object_detection,triton_c5_2xlarge_3,6133,34,6222
550,speech_recognition,triton_t2_large_3,5591,576,6222
603,question_answering,triton_c5_2xlarge_3,6146,14,6236
596,speech_recognition,triton_c5_2xlarge_1,6036,180,6239
606,object_detection,triton_t2_large_5,6158,43,6246
610,question_answering,triton_c5_2xlarge_1,6218,14,6255
608,object_detection,triton_t2_large_3,6199,38,6261
593,question_answering,triton_c5_2xlarge_1,5999,14,6270
613,object_detection,triton_t2_large_5,6233,27,6273
529,speech_recognition,triton_t2_large_6,5365,562,6282
604,object_detection,triton_c5_2xlarge_1,6148,18,6296
565,speech_recognition,triton_t2_large_4,5707,573,6303
582,speech_recognition,triton_c5_2xlarge_5,5882,187,6305
617,question_answering,triton_c5_2xlarge_1,6287,14,6314
616,object_detection,triton_c5_2xlarge_5,6282,18,6324
615,question_answering,triton_t2_large_6,6271,43,6326
598,question_answering,triton_c5_2xlarge_1,6055,12,6334
563,speech_recognition,triton_t2_large_2,5688,575,6338
607,question_answering,triton_t2_large_4,6182,39,6350
614,question_answering,triton_c5_2xlarge_1,6256,12,6356
618,image_classification,triton_c5_2xlarge_5,6301,34,6358
600,speech_recognition,triton_c5_2xlarge_2,6124,178,6379
621,object_detection,triton_c5_2xlarge_5,6337,19,6380
620,image_classification,triton_c5_2xlarge_1,6336,27,6387
564,speech_recognition,triton_t2_large_11,5704,577,6390
626,question_answering,triton_c5_2xlarge_2,6368,15,6396
623,question_answering,triton_c5_2xlarge_5,6359,14,6397
625,image_classification,triton_c5_2xlarge_1,6364,20,6407
629,question_answering,triton_c5_2xlarge_2,6379,14,6417
609,speech_recognition,triton_c5_2xlarge_3,6213,185,6422
624,question_answering,triton_c5_2xlarge_1,6360,16,6431
622,image_classification,triton_t2_large_4,6344,75,6432
627,image_classification,triton_c5_2xlarge_2,6372,28,6455
631,image_classification,triton_c5_2xlarge_3,6394,42,6469
590,speech_recognition,triton_t2_large_8,5933,587,6577
630,speech_recognition,triton_c5_2xlarge_5,6380,189,6593
555,speech_recognition,triton_t2_large_7,5624,578,6620
633,speech_recognition,triton_c5_2xlarge_1,6426,189,6628
637,speech_recognition,triton_c5_2xlarge_2,6444,182,6640
640,object_detection,triton_c5_2xlarge_1,6498,17,6647
636,speech_recognition,triton_c5_2xlarge_3,6437,184,6655
561,speech_recognition,triton_t2_large_1,5678,574,6669
658,image_classification,triton_c5_2xlarge_2,6597,31,6674
660,image_classification,triton_c5_2xlarge_1,6613,32,6680
656,image_classification,triton_c5_2xlarge_3,6579,26,6682
643,image_classification,triton_c5_2xlarge_2,6522,24,6699
639,image_classification,triton_c5_2xlarge_3,6480,27,6712
650,question_answering,triton_c5_2xlarge_2,6559,14,6713
649,image_classification,triton_c5_2xlarge_1,6556,27,6713
665,question_answering,triton_c5_2xlarge_3,6702,14,6730
666,object_detection,triton_c5_2xlarge_1,6703,17,6733
664,image_classification,triton_c5_2xlarge_2,6673,29,6747
653,speech_recognition,triton_c5_2xlarge_5,6560,181,6775
669,image_classification,triton_c5_2xlarge_5,6765,26,6805
611,speech_recognition,triton_t2_large_3,6220,574,6838
612,speech_recognition,triton_t2_large_5,6231,570,6846
670,object_detection,triton_t2_large_3,6772,41,6880
668,object_detection,triton_t2_large_5,6748,34,6881
619,speech_recognition,triton_t2_large_6,6314,567,6895
601,speech_recognition,triton_t2_large_2,6129,569,6913
667,speech_recognition,triton_c5_2xlarge_1,6723,182,6919
655,speech_recognition,triton_c5_2xlarge_3,6578,189,6919
641,speech_recognition,triton_c5_2xlarge_2,6503,181,6932
672,question_answering,triton_c5_2xlarge_1,6797,14,6933
681,question_answering,triton_t2_large_6,6882,46,6940
679,image_classification,triton_c5_2xlarge_3,6876,26,6947
686,question_answering,triton_c5_2xlarge_2,6919,14,6947
628,speech_recognition,triton_t2_large_11,6378,570,6961
684,object_detection,triton_c5_2xlarge_2,6902,22,6969
647,object_detection,triton_t2_large_6,6547,36,6981
674,question_answering,triton_c5_2xlarge_2,6840,14,6985
661,image_classification,triton_t2_large_2,6622,80,6995
651,speech_recognition,triton_c5_2xlarge_5,6559,190,6996
688,object_detection,triton_t2_large_11,6949,34,6996
689,question_answering,triton_c5_2xlarge_2,6952,15,7002
632,speech_recognition,triton_t2_large_4,6425,568,7006
635,image_classification,triton_c5_2xlarge_5,6430,27,7025
634,object_detection,triton_t2_large_11,6429,28,7026
683,image_classification,triton_c5_2xlarge_2,6895,28,7031
695,question_answering,triton_t2_large_2,6982,43,7039
644,object_detection,triton_t2_large_4,6526,39,7048
685,image_classification,triton_c5_2xlarge_2,6912,23,7055
692,question_answering,triton_t2_large_11,6959,45,7072
687,question_answering,triton_t2_large_11,6932,38,7111
654,speech_recognition,triton_c5_2xlarge_1,6569,182,7116
699,image_classification,triton_t2_large_4,7014,75,7124
680,speech_recognition,triton_c5_2xlarge_3,6881,185,7132
700,image_classification,triton_c5_2xlarge_1,7039,26,7143
705,question_answering,triton_c5_2xlarge_3,7076,14,7147
659,question_answering,triton_c5_2xlarge_3,6612,14,7163
646,speech_recognition,triton_t2_large_8,6532,589,7167
706,question_answering,triton_t2_large_4,7091,47,7172
657,speech_recognition,triton_t2_large_7,6597,559,7180
709,object_detection,triton_c5_2xlarge_3,7151,19,7184
707,question_answering,triton_c5_2xlarge_3,7107,14,7199
638,object_detection,triton_t2_large_8,6475,35,7205
704,object_detection,triton_t2_large_4,7075,36,7210
694,speech_recognition,triton_c5_2xlarge_5,6981,189,7216
713,image_classification,triton_c5_2xlarge_3,7176,25,7225
682,speech_recognition,triton_c5_2xlarge_2,6885,184,7241
715,object_detection,triton_c5_2xlarge_3,7212,18,7243
648,speech_recognition,triton_t2_large_1,6553,575,7247
645,object_detection,triton_t2_large_4,6530,34,7248
642,image_classification,triton_t2_large_7,6507,79,7261
673,image_classification,triton_c5_2xlarge_3,6817,26,7273
662,image_classification,triton_c5_2xlarge_2,6646,33,7279
714,object_detection,triton_t2_large_4,7203,32,7280
721,question_answering,triton_c5_2xlarge_3,7262,14,7290
717,object_detection,triton_t2_large_1,7234,44,7292
720,question_answering,triton_c5_2xlarge_2,7258,14,7297
722,object_detection,triton_t2_large_4,7267,27,7307
723,image_classification,triton_c5_2xlarge_3,7278,25,7317
701,speech_recognition,triton_c5_2xlarge_1,7045,179,7324
724,object_detection,triton_c5_2xlarge_2,7285,27,7325
716,question_answering,triton_t2_large_1,7227,38,7332
675,object_detection,triton_c5_2xlarge_3,6848,18,7339
702,image_classification,triton_c5_2xlarge_1,7046,26,7351
697,image_classification,triton_c5_2xlarge_2,7004,30,7355
703,object_detection,triton_c5_2xlarge_2,7068,21,7378
726,image_classification,triton_t2_large_4,7294,79,7386
712,speech_recognition,triton_c5_2xlarge_5,7174,185,7404
719,image_classification,triton_c5_2xlarge_2,7249,29,7408
725,image_classification,triton_t2_large_1,7288,81,7414
690,image_classification,triton_c5_2xlarge_5,6954,26,7432
740,object_detection,triton_c5_2xlarge_5,7409,17,7450
652,speech_recognition,triton_t2_large_3,6559,574,7454
663,speech_recognition,triton_t2_large_5,6654,575,7458
737,question_answering,triton_t2_large_1,7402,47,7463
738,object_detection,triton_c5_2xlarge_5,7407,18,7470
691,question_answering,triton_c5_2xlarge_5,6954,14,7485
741,object_detection,triton_t2_large_5,7424,37,7496
736,question_answering,triton_t2_large_1,7401,32,7499
735,question_answering,triton_t2_large_3,7400,45,7502
729,speech_recognition,triton_c5_2xlarge_3,7315,189,7529
732,speech_recognition,triton_c5_2xlarge_1,7339,179,7532
746,question_answering,triton_c5_2xlarge_3,7485,14,7545
677,speech_recognition,triton_t2_large_6,6862,565,7547
747,image_classification,triton_c5_2xlarge_1,7498,26,7559
748,question_answering,triton_c5_2xlarge_3,7521,14,7560
753,question_answering,triton_c5_2xlarge_1,7547,14,7575
750,question_answering,triton_c5_2xlarge_3,7531,12,7578
698,image_classification,triton_t2_large_3,7009,81,7584
754,question_answering,triton_c5_2xlarge_1,7562,14,7590
676,question_answering,triton_c5_2xlarge_3,6860,13,7592
733,speech_recognition,triton_c5_2xlarge_2,7357,183,7594
671,speech_recognition,triton_t2_large_2,6782,576,7617
751,question_answering,triton_t2_large_3,7542,45,7633
743,speech_recognition,triton_c5_2xlarge_5,7462,196,7682
696,speech_recognition,triton_t2_large_11,6990,575,7686
760,image_classification,triton_t2_large_2,7596,77,7698
765,question_answering,triton_c5_2xlarge_5,7648,14,7698
762,image_classification,triton_t2_large_3,7622,81,7716
763,question_answering,triton_t2_large_2,7646,44,7747
752,speech_recognition,triton_c5_2xlarge_1,7545,182,7773
758,speech_recognition,triton_c5_2xlarge_2,7583,178,7775
755,speech_recognition,triton_c5_2xlarge_3,7564,181,7780
761,image_classification,triton_t2_large_3,7607,68,7785
678,object_detection,triton_t2_large_2,6871,41,7790
774,object_detection,triton_c5_2xlarge_1,7727,29,7802
710,speech_recognition,triton_t2_large_8,7152,595,7803
778,object_detection,triton_c5_2xlarge_3,7767,26,7806
708,object_detection,triton_c5_2xlarge_1,7137,18,7821
775,object_detection,triton_c5_2xlarge_2,7730,45,7822
777,object_detection,triton_c5_2xlarge_3,7742,20,7829
693,object_detection,triton_t2_large_2,6977,53,7846
780,object_detection,triton_c5_2xlarge_1,7776,24,7847
718,speech_recognition,triton_t2_large_7,7237,586,7848
756,object_detection,triton_t2_large_8,7568,46,7850
769,object_detection,triton_t2_large_3,7698,62,7851
770,image_classification,triton_c5_2xlarge_3,7699,26,7857
764,object_detection,triton_c5_2xlarge_2,7647,37,7860
768,question_answering,triton_c5_2xlarge_1,7695,14,7862
727,object_detection,triton_t2_large_2,7297,28,7874
783,image_classification,triton_c5_2xlarge_3,7834,22,7881
776,question_answering,triton_t2_large_7,7732,30,7882
771,object_detection,triton_t2_large_3,7712,31,7887
786,image_classification,triton_c5_2xlarge_1,7849,26,7889
767,speech_recognition,triton_c5_2xlarge_5,7678,188,7891
784,question_answering,triton_c5_2xlarge_3,7846,14,7894
785,image_classification,triton_c5_2xlarge_1,7846,22,7913
790,object_detection,triton_c5_2xlarge_3,7883,19,7917
788,object_detection,triton_t2_large_7,7869,48,7931
731,object_detection,triton_c5_2xlarge_3,7329,19,7939
745,object_detection,triton_c5_2xlarge_3,7479,18,7960
730,speech_recognition,triton_t2_large_4,7322,572,7961
792,question_answering,triton_t2_large_7,7897,42,7974
757,image_classification,triton_c5_2xlarge_3,7576,26,7990
797,question_answering,triton_c5_2xlarge_3,7944,14,8005
734,question_answering,triton_t2_large_4,7362,46,8009
798,object_detection,triton_t2_large_7,7950,35,8011
800,question_answering,triton_c5_2xlarge_3,7970,14,8020
795,question_answering,triton_c5_2xlarge_3,7924,13,8037
799,question_answering,triton_t2_large_4,7965,32,8044
787,speech_recognition,triton_c5_2xlarge_2,7851,184,8048
801,question_answering,triton_c5_2xlarge_2,7982,14,8065
742,image_classification,triton_c5_2xlarge_3,7449,27,8065
744,speech_recognition,triton_t2_large_5,7463,577,8075
802,question_answering,triton_t2_large_4,8031,31,8075
789,speech_recognition,triton_c5_2xlarge_5,7879,186,8079
711,speech_recognition,triton_t2_large_1,7157,583,8086
803,image_classification,triton_c5_2xlarge_3,8032,21,8089
794,image_classification,triton_t2_large_7,7902,79,8091
759,question_answering,triton_c5_2xlarge_5,7588,14,8095
793,speech_recognition,triton_c5_2xlarge_1,7901,182,8097
749,speech_recognition,triton_t2_large_6,7524,560,8108
779,image_classification,triton_c5_2xlarge_3,7769,22,8114
796,question_answering,triton_t2_large_1,7940,36,8129
773,image_classification,triton_t2_large_5,7725,76,8157
739,speech_recognition,triton_c5_2xlarge_2,7407,185,8255
766,speech_recognition,triton_t2_large_11,7676,569,8259
806,speech_recognition,triton_c5_2xlarge_1,8091,173,8279
816,image_classification,triton_c5_2xlarge_2,8155,28,8285
804,speech_recognition,triton_c5_2xlarge_5,8059,187,8292
809,speech_recognition,triton_c5_2xlarge_3,8101,183,8299
819,object_detection,triton_t2_large_11,8169,39,8300
820,object_detection,triton_c5_2xlarge_5,8170,18,8312
822,image_classification,triton_c5_2xlarge_3,8222,26,8326
828,object_detection,triton_c5_2xlarge_3,8292,18,8345
818,question_answering,triton_t2_large_11,8166,46,8345
808,question_answering,triton_c5_2xlarge_3,8096,14,8362
832,question_answering,triton_c5_2xlarge_3,8349,14,8377
829,object_detection,triton_c5_2xlarge_3,8310,18,8395
821,image_classification,triton_t2_large_11,8182,80,8427
782,speech_recognition,triton_t2_large_8,7818,589,8443
817,speech_recognition,triton_c5_2xlarge_1,8157,173,8453
781,speech_recognition,triton_t2_large_2,7810,576,8454
728,speech_recognition,triton_t2_large_3,7297,573,8462
826,speech_recognition,triton_c5_2xlarge_2,8271,184,8469
823,question_answering,triton_t2_large_11,8222,46,8475
836,object_detection,triton_t2_large_8,8386,31,8475
835,image_classification,triton_c5_2xlarge_1,8375,26,8479
839,question_answering,triton_c5_2xlarge_2,8390,17,8485
813,speech_recognition,triton_c5_2xlarge_5,8114,190,8502
814,question_answering,triton_t2_large_2,8150,48,8503
840,object_detection,triton_t2_large_3,8394,40,8503
833,image_classification,triton_c5_2xlarge_1,8368,25,8504
849,object_detection,triton_c5_2xlarge_2,8474,21,8509
824,question_answering,triton_t2_large_11,8228,31,8510
841,image_classification,triton_c5_2xlarge_1,8396,26,8533
815,question_answering,triton_c5_2xlarge_2,8153,23,8533
848,question_answering,triton_c5_2xlarge_1,8466,14,8549
844,object_detection,triton_t2_large_3,8427,45,8551
811,object_detection,triton_t2_large_11,8110,49,8559
827,image_classification,triton_c5_2xlarge_2,8275,27,8562
812,object_detection,triton_c5_2xlarge_2,8111,21,8586
856,object_detection,triton_t2_large_11,8537,28,8589
830,speech_recognition,triton_c5_2xlarge_3,8328,193,8590
843,image_classification,triton_t2_large_2,8417,94,8600
831,object_detection,triton_c5_2xlarge_3,8346,18,8614
842,question_answering,triton_c5_2xlarge_3,8411,14,8632
772,speech_recognition,triton_t2_large_4,7725,572,8653
791,speech_recognition,triton_t2_large_7,7896,572,8665
857,image_classification,triton_c5_2xlarge_3,8565,34,8667
807,speech_recognition,triton_t2_large_6,8095,568,8678
846,speech_recognition,triton_c5_2xlarge_5,8435,180,8682
860,image_classification,triton_c5_2xlarge_3,8643,22,8690
852,object_detection,triton_c5_2xlarge_5,8486,20,8704
838,question_answering,triton_c5_2xlarge_3,8390,14,8708
810,speech_recognition,triton_t2_large_1,8106,588,8719
863,question_answering,triton_c5_2xlarge_3,8675,13,8725
859,image_classification,triton_t2_large_4,8640,82,8736
850,speech_recognition,triton_c5_2xlarge_1,8482,186,8737
805,speech_recognition,triton_t2_large_5,8070,585,8743
845,object_detection,triton_c5_2xlarge_3,8434,19,8746
862,image_classification,triton_t2_large_6,8658,69,8752
864,object_detection,triton_t2_large_1,8687,41,8763
858,object_detection,triton_c5_2xlarge_3,8604,17,8765
853,image_classification,triton_c5_2xlarge_1,8487,27,8766
837,speech_recognition,triton_c5_2xlarge_2,8390,186,8773
867,object_detection,triton_c5_2xlarge_3,8726,17,8789
870,question_answering,triton_c5_2xlarge_2,8760,15,8789
868,question_answering,triton_t2_large_5,8730,48,8792
866,question_answering,triton_t2_large_6,8720,40,8797
869,object_detection,triton_t2_large_1,8754,34,8803
847,image_classification,triton_t2_large_4,8465,69,8807
871,question_answering,triton_c5_2xlarge_3,8780,14,8808
874,question_answering,triton_c5_2xlarge_2,8787,13,8814
872,question_answering,triton_t2_large_6,8783,30,8827
873,question_answering,triton_t2_large_5,8785,32,8832
875,object_detection,triton_c5_2xlarge_3,8812,18,8844
865,speech_recognition,triton_c5_2xlarge_5,8690,191,8896
877,image_classification,triton_t2_large_1,8815,69,8898
881,question_answering,triton_c5_2xlarge_3,8876,12,8903
876,image_classification,triton_t2_large_6,8813,80,8908
879,object_detection,triton_t2_large_5,8860,37,8911
882,question_answering,triton_c5_2xlarge_5,8877,14,8916
878,image_classification,triton_t2_large_4,8842,69,8925
834,speech_recognition,triton_c5_2xlarge_1,8372,182,8952
883,question_answering,triton_t2_large_6,8894,45,8954
885,question_answering,triton_t2_large_5,8906,36,8957
888,question_answering,triton_t2_large_4,8917,43,8974
889,object_detection,triton_t2_large_5,8922,40,8998
890,image_classification,triton_c5_2xlarge_1,8964,21,8999
892,question_answering,triton_t2_large_4,8994,32,9042
894,question_answering,triton_c5_2xlarge_1,9019,12,9047
880,speech_recognition,triton_c5_2xlarge_2,8862,179,9056
893,question_answering,triton_t2_large_5,9008,35,9059
895,question_answering,triton_c5_2xlarge_1,9027,12,9064
825,speech_recognition,triton_t2_large_8,8237,595,9072
897,object_detection,triton_c5_2xlarge_2,9032,23,9081
899,image_classification,triton_c5_2xlarge_1,9044,26,9096
886,speech_recognition,triton_c5_2xlarge_3,8912,179,9106
887,speech_recognition,triton_c5_2xlarge_5,8917,184,9115
896,image_classification,triton_t2_large_4,9030,80,9125
851,speech_recognition,triton_t2_large_3,8483,575,9127
902,image_classification,triton_c5_2xlarge_1,9103,28,9145
904,object_detection,triton_c5_2xlarge_5,9122,23,9160
854,speech_recognition,triton_t2_large_11,8511,575,9165
901,image_classification,triton_t2_large_8,9080,71,9166
855,speech_recognition,triton_t2_large_2,8533,585,9186
905,image_classification,triton_t2_large_3,9139,69,9223
909,question_answering,triton_c5_2xlarge_1,9210,12,9237
861,speech_recognition,triton_t2_large_7,8655,572,9241
908,question_answering,triton_t2_large_11,9206,32,9253
910,image_classification,triton_c5_2xlarge_5,9229,22,9265
900,speech_recognition,triton_c5_2xlarge_2,9073,185,9273
903,speech_recognition,triton_c5_2xlarge_3,9111,178,9303
912,question_answering,triton_t2_large_8,9259,40,9314
915,object_detection,triton_c5_2xlarge_1,9288,19,9322
916,image_classification,triton_c5_2xlarge_2,9303,27,9344
917,image_classification,triton_c5_2xlarge_3,9316,22,9353
913,image_classification,triton_t2_large_3,9261,80,9356
918,object_detection,triton_c5_2xlarge_5,9325,18,9358
914,image_classification,triton_t2_large_11,9288,73,9376
921,image_classification,triton_c5_2xlarge_1,9350,21,9386
920,question_answering,triton_t2_large_3,9349,42,9406
924,question_answering,triton_c5_2xlarge_5,9391,14,9420
919,image_classification,triton_t2_large_8,9347,76,9437
925,object_detection,triton_t2_large_11,9391,33,9438
927,object_detection,triton_c5_2xlarge_5,9408,20,9443
926,image_classification,triton_c5_2xlarge_1,9391,40,9446
884,speech_recognition,triton_t2_large_1,8894,571,9480
929,question_answering,triton_t2_large_11,9441,31,9488
931,image_classification,triton_c5_2xlarge_5,9454,22,9491
935,question_answering,triton_c5_2xlarge_5,9481,14,9510
932,question_answering,triton_t2_large_8,9466,35,9516
933,question_answering,triton_t2_large_1,9469,44,9528
939,object_detection,triton_c5_2xlarge_5,9497,19,9532
922,speech_recognition,triton_c5_2xlarge_2,9355,177,9546
936,object_detection,triton_t2_large_8,9482,40,9559
941,question_answering,triton_c5_2xlarge_2,9533,14,9562
891,speech_recognition,triton_t2_large_6,8982,568,9564
937,object_detection,triton_t2_large_1,9483,46,9576
923,speech_recognition,triton_c5_2xlarge_3,9389,177,9583
944,object_detection,triton_c5_2xlarge_2,9549,25,9589
945,question_answering,triton_c5_2xlarge_3,9573,14,9602
940,question_answering,triton_t2_large_6,9529,44,9610
943,question_answering,triton_t2_large_1,9546,34,9617
946,image_classification,triton_c5_2xlarge_2,9578,32,9625
930,speech_recognition,triton_c5_2xlarge_1,9447,178,9640
947,question_answering,triton_t2_large_6,9587,29,9641
950,object_detection,triton_c5_2xlarge_2,9619,25,9659
898,speech_recognition,triton_t2_large_5,9044,590,9659
949,object_detection,triton_t2_large_1,9601,38,9665
952,object_detection,triton_c5_2xlarge_1,9642,18,9675
951,image_classification,triton_t2_large_6,9624,71,9722
956,object_detection,triton_c5_2xlarge_1,9694,17,9726
938,speech_recognition,triton_c5_2xlarge_5,9489,191,9727
954,image_classification,triton_t2_large_1,9651,72,9738
960,question_answering,triton_c5_2xlarge_1,9712,14,9740
958,object_detection,triton_c5_2xlarge_5,9703,18,9747
906,speech_recognition,triton_t2_large_4,9147,597,9758
959,question_answering,triton_t2_large_6,9710,40,9765
955,image_classification,triton_t2_large_5,9678,79,9773
957,question_answering,triton_t2_large_1,9697,44,9787
948,speech_recognition,triton_c5_2xlarge_3,9594,184,9793
907,speech_recognition,triton_t2_large_2,9199,585,9798
964,object_detection,triton_t2_large_4,9758,37,9810
963,object_detection,triton_t2_large_6,9754,44,9812
966,object_detection,triton_c5_2xlarge_3,9769,19,9814
911,speech_recognition,triton_t2_large_7,9248,564,9827
967,object_detection,triton_t2_large_1,9777,40,9833
953,speech_recognition,triton_c5_2xlarge_2,9646,185,9846
968,question_answering,triton_t2_large_4,9796,36,9847
972,object_detection,triton_t2_large_6,9838,28,9880
973,object_detection,triton_t2_large_1,9839,35,9888
975,object_detection,triton_c5_2xlarge_2,9858,20,9894
971,image_classification,triton_t2_large_7,9823,69,9908
969,image_classification,triton_t2_large_2,9814,97,9926
974,image_classification,triton_t2_large_4,9845,69,9930
961,speech_recognition,triton_c5_2xlarge_1,9734,182,9931
962,speech_recognition,triton_c5_2xlarge_5,9737,186,9938
928,speech_recognition,triton_t2_large_3,9411,575,10000
970,speech_recognition,triton_c5_2xlarge_3,9822,181,10017
982,image_classification,triton_c5_2xlarge_3,10029,22,10066
981,image_classification,triton_c5_2xlarge_2,10027,25,10067
934,speech_recognition,triton_t2_large_11,9479,583,10077
988,image_classification,triton_c5_2xlarge_3,10097,21,10133
987,image_classification,triton_c5_2xlarge_2,10093,27,10135
942,speech_recognition,triton_t2_large_8,9535,594,10154
991,image_classification,triton_c5_2xlarge_3,10111,21,10158
989,image_classification,triton_c5_2xlarge_2,10099,25,10161
984,image_classification,triton_t2_large_7,10077,71,10163
985,image_classification,triton_t2_large_3,10078,78,10171
992,image_classification,triton_c5_2xlarge_2,10151,24,10191
980,speech_recognition,triton_c5_2xlarge_1,10003,179,10197
993,image_classification,triton_c5_2xlarge_3,10174,21,10211
983,speech_recognition,triton_c5_2xlarge_5,10036,183,10234
990,image_classification,triton_t2_large_8,10104,78,10238
994,image_classification,triton_c5_2xlarge_5,10245,21,10282
995,image_classification,triton_t2_large_7,10256,73,10345
965,speech_recognition,triton_t2_large_5,9762,587,10363
996,image_classification,triton_t2_large_8,10264,95,10374
997,image_classification,triton_t2_large_3,10314,79,10408
976,speech_recognition,triton_t2_large_6,9887,574,10475
998,image_classification,triton_t2_large_5,10392,72,10479
999,image_classification,triton_c5_2xlarge_1,10425,39,10479
977,speech_recognition,triton_t2_large_1,9905,580,10500
1000,image_classification,triton_c5_2xlarge_2,10474,25,10514
978,speech_recognition,triton_t2_large_4,9975,572,10563
979,speech_recognition,triton_t2_large_2,9983,575,10573
986,speech_recognition,triton_t2_large_11,10090,568,10673
