task_id,task_type,assigned_machine,arrival_time,inference_time,completion_time
2,question_answering,triton_t2_large_6,0,47,59
3,question_answering,triton_t2_large_8,0,55,66
1,object_detection,triton_t2_large_7,0,62,74
8,question_answering,triton_t2_large_2,0,68,80
7,question_answering,triton_t2_large_5,0,68,80
12,question_answering,triton_t2_large_16,0,69,81
6,object_detection,triton_t2_large_4,0,81,93
9,object_detection,triton_t2_large_11,0,88,100
24,object_detection,triton_t2_large_7,0,29,103
5,image_classification,triton_t2_large_3,0,102,114
10,image_classification,triton_t2_large_12,0,110,122
4,image_classification,triton_t2_large_1,0,113,125
591,question_answering,triton_t2_large_4,0,39,132
971,image_classification,triton_t2_large_6,0,82,141
496,image_classification,triton_t2_large_8,0,83,149
366,object_detection,triton_t2_large_3,0,46,160
795,question_answering,triton_t2_large_4,0,35,167
37,object_detection,triton_t2_large_12,0,48,170
182,image_classification,triton_t2_large_11,0,76,176
650,question_answering,triton_t2_large_6,0,47,188
248,object_detection,triton_t2_large_3,0,30,190
52,object_detection,triton_t2_large_12,0,31,201
332,question_answering,triton_t2_large_8,0,53,202
13,speech_recognition,triton_c5_2xlarge_1,0,219,231
708,object_detection,triton_t2_large_12,0,33,234
764,object_detection,triton_t2_large_8,0,47,249
380,image_classification,triton_t2_large_12,0,79,313
669,image_classification,triton_t2_large_8,0,81,330
71,question_answering,triton_t2_large_8,0,56,386
199,speech_recognition,triton_c5_2xlarge_1,0,180,411
83,question_answering,triton_t2_large_8,0,36,422
460,question_answering,triton_c5_2xlarge_1,0,16,427
472,object_detection,triton_t2_large_8,0,41,463
858,object_detection,triton_c5_2xlarge_1,0,38,466
112,question_answering,triton_c5_2xlarge_1,0,15,481
956,object_detection,triton_t2_large_8,0,28,491
513,image_classification,triton_c5_2xlarge_1,0,61,542
325,image_classification,triton_t2_large_8,0,80,570
792,question_answering,triton_t2_large_8,0,52,623
750,question_answering,triton_t2_large_8,0,37,659
11,speech_recognition,triton_t2_large_15,0,647,659
550,speech_recognition,triton_t2_large_2,0,588,668
315,speech_recognition,triton_t2_large_7,0,570,672
549,speech_recognition,triton_t2_large_5,0,598,678
590,speech_recognition,triton_t2_large_16,0,604,686
203,speech_recognition,triton_t2_large_1,0,579,704
720,question_answering,triton_t2_large_2,0,46,714
629,question_answering,triton_t2_large_5,0,42,720
143,speech_recognition,triton_c5_2xlarge_1,0,187,729
359,question_answering,triton_t2_large_16,0,51,737
855,speech_recognition,triton_t2_large_4,0,575,742
82,image_classification,triton_t2_large_15,0,84,744
84,image_classification,triton_t2_large_8,0,84,744
237,question_answering,triton_c5_2xlarge_1,0,16,745
551,speech_recognition,triton_t2_large_11,0,579,755
918,object_detection,triton_t2_large_2,0,41,755
682,speech_recognition,triton_t2_large_6,0,571,760
960,question_answering,triton_t2_large_16,0,36,773
733,speech_recognition,triton_t2_large_3,0,586,775
491,object_detection,triton_t2_large_8,0,41,785
461,image_classification,triton_t2_large_5,0,91,812
20,object_detection,triton_t2_large_3,0,44,819
490,image_classification,triton_t2_large_15,0,75,819
395,image_classification,triton_t2_large_2,0,75,830
889,object_detection,triton_t2_large_3,0,27,847
244,question_answering,triton_t2_large_5,0,49,861
901,image_classification,triton_t2_large_16,0,87,861
888,question_answering,triton_t2_large_15,0,53,872
881,question_answering,triton_t2_large_2,0,49,879
593,question_answering,triton_t2_large_5,0,34,894
517,speech_recognition,triton_t2_large_12,0,582,894
640,object_detection,triton_t2_large_15,0,45,917
389,image_classification,triton_t2_large_3,0,81,928
540,speech_recognition,triton_c5_2xlarge_1,0,183,929
594,image_classification,triton_t2_large_16,0,76,936
574,question_answering,triton_t2_large_12,0,46,940
660,image_classification,triton_c5_2xlarge_1,0,31,959
617,question_answering,triton_t2_large_15,0,46,963
575,image_classification,triton_t2_large_5,0,83,978
355,image_classification,triton_t2_large_16,0,75,1011
661,image_classification,triton_t2_large_12,0,86,1026
726,image_classification,triton_t2_large_15,0,87,1050
19,image_classification,triton_t2_large_5,0,74,1052
349,question_answering,triton_t2_large_15,0,53,1104
501,image_classification,triton_t2_large_5,0,73,1125
377,speech_recognition,triton_c5_2xlarge_1,0,180,1139
272,question_answering,triton_c5_2xlarge_1,0,29,1168
109,image_classification,triton_t2_large_15,0,87,1190
910,image_classification,triton_c5_2xlarge_1,0,28,1197
507,question_answering,triton_c5_2xlarge_1,0,14,1211
867,object_detection,triton_c5_2xlarge_1,0,21,1233
148,speech_recognition,triton_t2_large_7,0,568,1240
746,question_answering,triton_c5_2xlarge_1,0,15,1248
80,speech_recognition,triton_t2_large_1,0,574,1278
482,question_answering,triton_t2_large_7,0,46,1287
166,image_classification,triton_c5_2xlarge_1,0,40,1288
779,image_classification,triton_c5_2xlarge_1,0,22,1310
401,speech_recognition,triton_t2_large_4,0,571,1313
695,question_answering,triton_t2_large_7,0,34,1320
739,speech_recognition,triton_t2_large_6,0,563,1323
396,speech_recognition,triton_t2_large_11,0,573,1329
931,image_classification,triton_t2_large_1,0,81,1360
309,question_answering,triton_t2_large_11,0,46,1375
791,speech_recognition,triton_t2_large_8,0,597,1382
622,image_classification,triton_t2_large_7,0,79,1399
853,image_classification,triton_t2_large_6,0,80,1403
233,question_answering,triton_t2_large_8,0,50,1432
681,question_answering,triton_t2_large_7,0,44,1443
554,image_classification,triton_t2_large_11,0,81,1456
286,speech_recognition,triton_t2_large_2,0,586,1465
989,image_classification,triton_t2_large_6,0,68,1470
837,speech_recognition,triton_c5_2xlarge_1,0,179,1490
904,object_detection,triton_c5_2xlarge_1,0,20,1511
560,question_answering,triton_t2_large_2,0,49,1515
636,speech_recognition,triton_t2_large_3,0,592,1520
390,object_detection,triton_t2_large_3,0,35,1554
963,object_detection,triton_t2_large_2,0,43,1558
675,object_detection,triton_t2_large_2,0,35,1592
238,speech_recognition,triton_t2_large_12,0,579,1605
55,speech_recognition,triton_t2_large_16,0,601,1613
487,image_classification,triton_t2_large_3,0,79,1633
874,question_answering,triton_t2_large_2,0,44,1636
957,question_answering,triton_t2_large_12,0,44,1649
616,object_detection,triton_t2_large_3,0,40,1673
694,speech_recognition,triton_c5_2xlarge_1,0,183,1694
220,question_answering,triton_c5_2xlarge_1,0,16,1711
151,speech_recognition,triton_t2_large_5,0,584,1711
670,object_detection,triton_c5_2xlarge_1,0,21,1732
420,object_detection,triton_c5_2xlarge_1,0,18,1750
219,image_classification,triton_t2_large_3,0,80,1753
668,object_detection,triton_t2_large_5,0,49,1760
900,speech_recognition,triton_t2_large_15,0,608,1798
391,question_answering,triton_t2_large_3,0,50,1804
991,image_classification,triton_t2_large_5,0,71,1831
446,object_detection,triton_t2_large_15,0,42,1839
241,object_detection,triton_t2_large_15,0,30,1869
942,speech_recognition,triton_t2_large_4,0,567,1880
539,question_answering,triton_t2_large_5,0,49,1881
992,image_classification,triton_t2_large_3,0,82,1886
169,speech_recognition,triton_c5_2xlarge_1,0,184,1935
196,speech_recognition,triton_t2_large_1,0,586,1945
475,image_classification,triton_t2_large_3,0,71,1957
132,image_classification,triton_c5_2xlarge_1,0,27,1964
99,image_classification,triton_t2_large_5,0,85,1967
49,object_detection,triton_t2_large_1,0,41,1986
567,object_detection,triton_c5_2xlarge_1,0,25,1988
727,object_detection,triton_c5_2xlarge_1,0,16,2005
50,question_answering,triton_t2_large_3,0,53,2010
774,object_detection,triton_t2_large_5,0,46,2013
647,object_detection,triton_t2_large_1,0,31,2017
582,speech_recognition,triton_t2_large_7,0,578,2020
243,object_detection,triton_c5_2xlarge_1,0,19,2023
701,speech_recognition,triton_t2_large_8,0,601,2033
830,speech_recognition,triton_t2_large_11,0,579,2036
980,speech_recognition,triton_t2_large_6,0,571,2041
748,question_answering,triton_c5_2xlarge_1,0,18,2041
323,question_answering,triton_c5_2xlarge_1,0,15,2057
581,question_answering,triton_c5_2xlarge_1,0,14,2070
324,object_detection,triton_t2_large_6,0,36,2078
856,object_detection,triton_t2_large_11,0,47,2083
839,question_answering,triton_c5_2xlarge_1,0,15,2085
857,image_classification,triton_t2_large_5,0,77,2089
747,image_classification,triton_t2_large_3,0,84,2095
264,image_classification,triton_t2_large_1,0,80,2097
91,object_detection,triton_c5_2xlarge_1,0,19,2105
625,image_classification,triton_t2_large_8,0,84,2117
914,image_classification,triton_t2_large_11,0,72,2155
478,image_classification,triton_t2_large_6,0,79,2157
92,image_classification,triton_t2_large_1,0,71,2168
882,question_answering,triton_t2_large_8,0,53,2170
614,question_answering,triton_t2_large_11,0,48,2204
755,speech_recognition,triton_t2_large_16,0,590,2204
784,question_answering,triton_t2_large_6,0,49,2207
808,question_answering,triton_t2_large_1,0,46,2214
865,speech_recognition,triton_t2_large_2,0,589,2225
67,speech_recognition,triton_t2_large_12,0,585,2234
829,object_detection,triton_t2_large_1,0,37,2251
913,image_classification,triton_t2_large_8,0,85,2255
731,object_detection,triton_t2_large_12,0,43,2278
998,image_classification,triton_t2_large_11,0,83,2287
999,image_classification,triton_t2_large_16,0,85,2290
787,speech_recognition,triton_c5_2xlarge_1,0,187,2291
172,question_answering,triton_t2_large_1,0,50,2301
706,question_answering,triton_c5_2xlarge_1,0,22,2313
573,object_detection,triton_t2_large_12,0,36,2313
365,object_detection,triton_t2_large_11,0,45,2332
724,object_detection,triton_c5_2xlarge_1,0,21,2335
607,question_answering,triton_t2_large_16,0,51,2341
495,question_answering,triton_c5_2xlarge_1,0,15,2350
322,object_detection,triton_t2_large_11,0,34,2365
31,image_classification,triton_c5_2xlarge_1,0,33,2383
649,image_classification,triton_t2_large_1,0,84,2386
723,image_classification,triton_t2_large_12,0,74,2388
69,image_classification,triton_c5_2xlarge_1,0,22,2406
320,object_detection,triton_t2_large_12,0,32,2419
260,image_classification,triton_t2_large_16,0,83,2424
194,object_detection,triton_t2_large_1,0,41,2427
30,speech_recognition,triton_t2_large_4,0,568,2447
29,speech_recognition,triton_t2_large_15,0,604,2474
688,object_detection,triton_t2_large_16,0,55,2479
800,question_answering,triton_t2_large_4,0,46,2495
704,object_detection,triton_t2_large_16,0,31,2510
163,object_detection,triton_t2_large_4,0,48,2543
25,speech_recognition,triton_c5_2xlarge_1,0,181,2587
499,image_classification,triton_t2_large_16,0,84,2594
536,object_detection,triton_c5_2xlarge_1,0,17,2606
216,image_classification,triton_c5_2xlarge_1,0,25,2631
137,object_detection,triton_t2_large_16,0,43,2637
537,object_detection,triton_c5_2xlarge_1,0,18,2651
474,speech_recognition,triton_t2_large_7,0,635,2655
173,object_detection,triton_c5_2xlarge_1,0,17,2667
336,speech_recognition,triton_t2_large_5,0,578,2667
880,speech_recognition,triton_t2_large_3,0,578,2673
895,question_answering,triton_t2_large_16,0,49,2686
685,image_classification,triton_c5_2xlarge_1,0,28,2695
684,object_detection,triton_t2_large_5,0,40,2707
120,image_classification,triton_c5_2xlarge_1,0,22,2717
298,question_answering,triton_t2_large_16,0,36,2722
122,object_detection,triton_c5_2xlarge_1,0,18,2736
740,object_detection,triton_c5_2xlarge_1,0,18,2754
165,image_classification,triton_t2_large_3,0,82,2755
141,speech_recognition,triton_t2_large_6,0,568,2774
121,image_classification,triton_t2_large_5,0,74,2781
891,speech_recognition,triton_t2_large_2,0,583,2808
393,object_detection,triton_t2_large_6,0,39,2813
516,image_classification,triton_t2_large_3,0,69,2824
500,speech_recognition,triton_t2_large_8,0,602,2857
964,object_detection,triton_t2_large_3,0,38,2863
450,image_classification,triton_t2_large_2,0,84,2891
386,speech_recognition,triton_t2_large_11,0,572,2937
480,speech_recognition,triton_c5_2xlarge_1,0,185,2939
402,question_answering,triton_c5_2xlarge_1,0,16,2955
46,object_detection,triton_c5_2xlarge_1,0,18,2973
603,question_answering,triton_c5_2xlarge_1,0,15,2989
205,speech_recognition,triton_t2_large_12,0,578,2998
861,speech_recognition,triton_t2_large_1,0,582,3009
127,question_answering,triton_c5_2xlarge_1,0,21,3009
301,image_classification,triton_t2_large_11,0,78,3016
924,question_answering,triton_c5_2xlarge_1,0,14,3023
840,object_detection,triton_t2_large_12,0,39,3037
89,object_detection,triton_c5_2xlarge_1,0,20,3043
925,object_detection,triton_t2_large_1,0,36,3046
545,question_answering,triton_t2_large_11,0,48,3065
294,object_detection,triton_t2_large_12,0,28,3065
168,speech_recognition,triton_t2_large_15,0,604,3078
175,question_answering,triton_t2_large_1,0,43,3089
493,speech_recognition,triton_t2_large_4,0,566,3109
929,question_answering,triton_t2_large_12,0,46,3111
179,image_classification,triton_t2_large_1,0,83,3172
68,image_classification,triton_t2_large_4,0,81,3190
195,image_classification,triton_t2_large_12,0,87,3198
938,speech_recognition,triton_c5_2xlarge_1,0,183,3226
635,image_classification,triton_t2_large_4,0,71,3261
257,object_detection,triton_t2_large_4,0,48,3309
469,speech_recognition,triton_t2_large_16,0,594,3315
645,object_detection,triton_t2_large_4,0,33,3342
274,object_detection,triton_t2_large_16,0,44,3360
961,speech_recognition,triton_t2_large_5,0,582,3364
953,speech_recognition,triton_c5_2xlarge_1,0,176,3402
258,question_answering,triton_t2_large_16,0,49,3409
641,speech_recognition,triton_t2_large_7,0,758,3414
188,question_answering,triton_c5_2xlarge_1,0,15,3417
679,image_classification,triton_t2_large_4,0,74,3417
410,object_detection,triton_c5_2xlarge_1,0,19,3436
705,question_answering,triton_t2_large_16,0,36,3445
483,speech_recognition,triton_t2_large_3,0,583,3447
965,speech_recognition,triton_t2_large_8,0,594,3452
73,speech_recognition,triton_t2_large_2,0,584,3476
28,question_answering,triton_t2_large_16,0,38,3483
666,object_detection,triton_t2_large_8,0,34,3486
962,speech_recognition,triton_t2_large_6,0,674,3489
235,question_answering,triton_t2_large_7,0,78,3492
327,object_detection,triton_t2_large_16,0,40,3522
159,image_classification,triton_t2_large_3,0,78,3525
760,image_classification,triton_t2_large_2,0,81,3559
762,image_classification,triton_t2_large_16,0,84,3607
974,image_classification,triton_t2_large_7,0,115,3607
191,question_answering,triton_t2_large_2,0,51,3611
761,image_classification,triton_t2_large_6,0,126,3615
189,speech_recognition,triton_c5_2xlarge_1,0,195,3631
928,speech_recognition,triton_t2_large_11,0,582,3647
246,question_answering,triton_t2_large_6,0,51,3668
378,image_classification,triton_t2_large_16,0,72,3679
138,speech_recognition,triton_t2_large_15,0,603,3681
873,question_answering,triton_t2_large_11,0,47,3694
875,object_detection,triton_t2_large_6,0,54,3722
831,object_detection,triton_t2_large_16,0,43,3722
232,object_detection,triton_t2_large_11,0,39,3733
930,speech_recognition,triton_t2_large_1,0,576,3748
613,object_detection,triton_t2_large_11,0,31,3764
312,speech_recognition,triton_t2_large_12,0,587,3784
116,question_answering,triton_t2_large_1,0,48,3796
562,speech_recognition,triton_c5_2xlarge_1,0,180,3813
385,object_detection,triton_t2_large_12,0,41,3825
940,question_answering,triton_c5_2xlarge_1,0,16,3829
445,question_answering,triton_t2_large_1,0,33,3829
639,image_classification,triton_t2_large_6,0,106,3829
456,image_classification,triton_c5_2xlarge_1,0,32,3860
64,question_answering,triton_t2_large_12,0,46,3871
458,image_classification,triton_t2_large_1,0,82,3911
680,speech_recognition,triton_t2_large_5,0,572,3937
306,image_classification,triton_t2_large_12,0,88,3959
985,image_classification,triton_t2_large_1,0,70,3981
409,speech_recognition,triton_t2_large_4,0,574,3991
329,object_detection,triton_t2_large_12,0,40,3999
328,image_classification,triton_t2_large_5,0,82,4020
341,object_detection,triton_t2_large_1,0,44,4026
210,question_answering,triton_t2_large_4,0,47,4038
326,speech_recognition,triton_c5_2xlarge_1,0,188,4048
384,object_detection,triton_c5_2xlarge_1,0,26,4074
927,object_detection,triton_t2_large_5,0,54,4076
890,image_classification,triton_t2_large_12,0,81,4079
520,speech_recognition,triton_t2_large_8,0,596,4082
735,question_answering,triton_c5_2xlarge_1,0,15,4089
342,image_classification,triton_t2_large_1,0,76,4102
977,speech_recognition,triton_t2_large_3,0,588,4113
427,image_classification,triton_t2_large_4,0,82,4120
477,question_answering,triton_t2_large_8,0,53,4135
877,image_classification,triton_t2_large_5,0,70,4145
392,image_classification,triton_t2_large_1,0,69,4171
509,object_detection,triton_t2_large_8,0,39,4174
711,speech_recognition,triton_t2_large_2,0,582,4193
972,object_detection,triton_t2_large_1,0,35,4207
439,image_classification,triton_t2_large_5,0,82,4227
190,question_answering,triton_t2_large_1,0,39,4247
94,question_answering,triton_t2_large_5,0,40,4267
160,speech_recognition,triton_c5_2xlarge_1,0,188,4277
1000,image_classification,triton_t2_large_2,0,83,4277
14,object_detection,triton_t2_large_1,0,33,4282
923,speech_recognition,triton_t2_large_15,0,603,4284
634,object_detection,triton_t2_large_2,0,33,4310
612,speech_recognition,triton_t2_large_16,0,590,4312
751,question_answering,triton_t2_large_5,0,46,4312
181,question_answering,triton_t2_large_15,0,43,4327
563,speech_recognition,triton_t2_large_11,0,572,4336
920,question_answering,triton_t2_large_5,0,33,4345
162,question_answering,triton_t2_large_15,0,36,4363
379,speech_recognition,triton_t2_large_7,0,756,4363
72,question_answering,triton_t2_large_11,0,46,4383
919,image_classification,triton_t2_large_16,0,86,4398
714,object_detection,triton_t2_large_7,0,54,4419
447,object_detection,triton_t2_large_11,0,42,4425
713,image_classification,triton_t2_large_15,0,84,4449
637,speech_recognition,triton_c5_2xlarge_1,0,181,4458
821,image_classification,triton_t2_large_16,0,71,4471
253,question_answering,triton_c5_2xlarge_1,0,15,4473
823,question_answering,triton_c5_2xlarge_1,0,16,4492
231,image_classification,triton_t2_large_11,0,78,4503
344,object_detection,triton_c5_2xlarge_1,0,18,4510
569,question_answering,triton_t2_large_16,0,52,4523
987,image_classification,triton_c5_2xlarge_1,0,30,4542
822,image_classification,triton_t2_large_7,0,131,4553
988,image_classification,triton_c5_2xlarge_1,0,22,4566
63,question_answering,triton_c5_2xlarge_1,0,14,4581
553,question_answering,triton_c5_2xlarge_1,0,14,4594
18,image_classification,triton_t2_large_16,0,86,4609
457,speech_recognition,triton_t2_large_6,0,788,4617
993,image_classification,triton_c5_2xlarge_1,0,26,4624
558,question_answering,triton_c5_2xlarge_1,0,14,4638
251,speech_recognition,triton_t2_large_12,0,581,4660
59,question_answering,triton_t2_large_16,0,52,4661
995,image_classification,triton_c5_2xlarge_1,0,27,4669
990,image_classification,triton_t2_large_7,0,117,4672
662,image_classification,triton_c5_2xlarge_1,0,21,4690
411,speech_recognition,triton_t2_large_3,0,579,4691
186,speech_recognition,triton_t2_large_4,0,573,4694
996,image_classification,triton_t2_large_12,0,80,4743
997,image_classification,triton_t2_large_16,0,85,4748
994,image_classification,triton_t2_large_6,0,137,4756
187,speech_recognition,triton_t2_large_8,0,594,4770
757,image_classification,triton_t2_large_3,0,85,4776
556,question_answering,triton_t2_large_12,0,49,4792
398,object_detection,triton_t2_large_3,0,39,4815
17,image_classification,triton_t2_large_16,0,71,4822
692,question_answering,triton_t2_large_6,0,72,4828
22,question_answering,triton_t2_large_12,0,33,4829
53,speech_recognition,triton_t2_large_1,0,572,4854
128,question_answering,triton_t2_large_12,0,32,4861
26,question_answering,triton_t2_large_6,0,38,4866
758,speech_recognition,triton_c5_2xlarge_1,0,181,4872
198,question_answering,triton_c5_2xlarge_1,0,14,4886
514,image_classification,triton_t2_large_16,0,71,4892
712,speech_recognition,triton_t2_large_2,0,584,4894
23,image_classification,triton_t2_large_3,0,76,4894
139,question_answering,triton_t2_large_12,0,32,4894
557,question_answering,triton_t2_large_6,0,42,4909
208,question_answering,triton_t2_large_12,0,34,4928
986,speech_recognition,triton_t2_large_5,0,584,4931
207,object_detection,triton_t2_large_2,0,41,4936
271,question_answering,triton_t2_large_12,0,33,4961
106,object_detection,triton_t2_large_12,0,44,5005
719,image_classification,triton_t2_large_2,0,79,5015
486,speech_recognition,triton_t2_large_15,0,612,5061
559,speech_recognition,triton_c5_2xlarge_1,0,183,5071
407,speech_recognition,triton_t2_large_11,0,580,5084
174,image_classification,triton_t2_large_12,0,80,5087
177,question_answering,triton_c5_2xlarge_1,0,15,5087
638,object_detection,triton_c5_2xlarge_1,0,19,5106
176,image_classification,triton_t2_large_15,0,84,5146
38,image_classification,triton_t2_large_15,0,73,5219
16,speech_recognition,triton_t2_large_4,0,573,5268
707,question_answering,triton_t2_large_15,0,50,5270
290,speech_recognition,triton_c5_2xlarge_1,0,195,5301
318,question_answering,triton_t2_large_15,0,36,5306
221,image_classification,triton_c5_2xlarge_1,0,27,5328
665,question_answering,triton_c5_2xlarge_1,0,14,5342
709,object_detection,triton_t2_large_15,0,43,5351
959,question_answering,triton_c5_2xlarge_1,0,15,5357
21,speech_recognition,triton_t2_large_8,0,595,5368
542,object_detection,triton_t2_large_15,0,29,5380
555,speech_recognition,triton_t2_large_1,0,571,5427
300,image_classification,triton_t2_large_8,0,84,5452
674,question_answering,triton_t2_large_1,0,49,5475
206,speech_recognition,triton_t2_large_3,0,587,5481
27,speech_recognition,triton_t2_large_16,0,594,5486
15,speech_recognition,triton_t2_large_7,0,823,5498
313,question_answering,triton_t2_large_1,0,31,5506
564,speech_recognition,triton_t2_large_5,0,595,5529
331,object_detection,triton_t2_large_7,0,42,5542
319,speech_recognition,triton_c5_2xlarge_1,0,183,5542
334,question_answering,triton_c5_2xlarge_1,0,16,5559
631,image_classification,triton_t2_large_3,0,84,5565
335,object_detection,triton_t2_large_7,0,28,5571
330,image_classification,triton_t2_large_16,0,83,5572
836,object_detection,triton_c5_2xlarge_1,0,18,5577
948,speech_recognition,triton_t2_large_2,0,583,5599
944,object_detection,triton_t2_large_7,0,37,5608
333,image_classification,triton_t2_large_5,0,78,5610
47,object_detection,triton_t2_large_16,0,43,5615
351,image_classification,triton_t2_large_3,0,70,5635
48,object_detection,triton_t2_large_16,0,28,5643
412,question_answering,triton_t2_large_2,0,47,5647
340,speech_recognition,triton_t2_large_11,0,572,5656
413,question_answering,triton_t2_large_5,0,46,5656
633,speech_recognition,triton_t2_large_12,0,582,5670
863,question_answering,triton_t2_large_3,0,42,5677
871,question_answering,triton_t2_large_2,0,35,5681
624,question_answering,triton_t2_large_5,0,34,5691
436,question_answering,triton_t2_large_16,0,50,5694
623,question_answering,triton_t2_large_11,0,46,5702
443,question_answering,triton_t2_large_3,0,33,5710
561,speech_recognition,triton_t2_large_6,0,803,5714
87,object_detection,triton_t2_large_16,0,33,5726
470,question_answering,triton_t2_large_3,0,34,5745
967,object_detection,triton_t2_large_16,0,27,5753
86,image_classification,triton_t2_large_2,0,82,5764
408,speech_recognition,triton_c5_2xlarge_1,0,193,5771
725,image_classification,triton_t2_large_5,0,82,5773
691,question_answering,triton_t2_large_3,0,34,5779
155,image_classification,triton_c5_2xlarge_1,0,26,5797
776,question_answering,triton_t2_large_3,0,33,5812
476,object_detection,triton_c5_2xlarge_1,0,18,5816
473,question_answering,triton_t2_large_2,0,50,5816
307,question_answering,triton_c5_2xlarge_1,0,16,5834
860,image_classification,triton_t2_large_6,0,123,5837
471,image_classification,triton_t2_large_16,0,84,5839
192,speech_recognition,triton_t2_large_4,0,571,5839
291,image_classification,triton_t2_large_5,0,69,5842
736,question_answering,triton_t2_large_3,0,32,5844
310,object_detection,triton_t2_large_16,0,32,5871
756,object_detection,triton_t2_large_3,0,41,5887
100,object_detection,triton_t2_large_6,0,54,5891
305,image_classification,triton_t2_large_2,0,82,5899
308,image_classification,triton_t2_large_4,0,81,5920
81,question_answering,triton_t2_large_16,0,54,5926
759,question_answering,triton_t2_large_2,0,50,5950
763,question_answering,triton_t2_large_4,0,46,5969
321,speech_recognition,triton_t2_large_15,0,597,5979
357,question_answering,triton_t2_large_2,0,35,5985
136,object_detection,triton_t2_large_15,0,33,6015
135,object_detection,triton_t2_large_4,0,44,6015
598,question_answering,triton_t2_large_2,0,35,6020
729,speech_recognition,triton_c5_2xlarge_1,0,193,6026
140,object_detection,triton_t2_large_15,0,30,6045
142,object_detection,triton_t2_large_4,0,33,6048
268,image_classification,triton_c5_2xlarge_1,0,29,6056
765,question_answering,triton_t2_large_2,0,36,6056
922,speech_recognition,triton_t2_large_8,0,616,6068
217,speech_recognition,triton_t2_large_1,0,576,6082
146,image_classification,triton_c5_2xlarge_1,0,28,6087
145,question_answering,triton_t2_large_2,0,34,6093
147,question_answering,triton_t2_large_8,0,37,6106
149,object_detection,triton_c5_2xlarge_1,0,19,6110
144,image_classification,triton_t2_large_15,0,81,6128
242,image_classification,triton_t2_large_4,0,79,6128
570,question_answering,triton_t2_large_1,0,49,6131
376,object_detection,triton_t2_large_2,0,41,6134
213,object_detection,triton_t2_large_2,0,31,6164
949,object_detection,triton_t2_large_1,0,41,6172
656,image_classification,triton_t2_large_8,0,84,6190
697,image_classification,triton_t2_large_4,0,71,6199
703,object_detection,triton_t2_large_1,0,28,6202
698,image_classification,triton_t2_large_15,0,74,6202
524,object_detection,triton_t2_large_1,0,29,6233
523,object_detection,triton_t2_large_15,0,39,6242
522,question_answering,triton_t2_large_8,0,51,6243
847,image_classification,triton_t2_large_2,0,81,6245
85,speech_recognition,triton_t2_large_12,0,574,6245
259,object_detection,triton_t2_large_2,0,39,6284
854,speech_recognition,triton_t2_large_11,0,584,6286
868,question_answering,triton_t2_large_15,0,49,6291
261,question_answering,triton_t2_large_12,0,47,6293
150,speech_recognition,triton_c5_2xlarge_1,0,184,6295
167,image_classification,triton_t2_large_1,0,80,6313
597,object_detection,triton_t2_large_15,0,33,6324
715,object_detection,triton_t2_large_12,0,43,6337
589,object_detection,triton_t2_large_1,0,34,6347
32,image_classification,triton_t2_large_11,0,82,6368
717,object_detection,triton_t2_large_1,0,26,6374
262,speech_recognition,triton_t2_large_7,0,767,6375
716,question_answering,triton_t2_large_12,0,42,6379
721,question_answering,triton_t2_large_12,0,32,6412
511,speech_recognition,triton_t2_large_5,0,583,6425
722,object_detection,triton_t2_large_12,0,43,6457
611,speech_recognition,triton_t2_large_3,0,573,6460
789,speech_recognition,triton_c5_2xlarge_1,0,181,6476
134,speech_recognition,triton_t2_large_16,0,592,6519
105,image_classification,triton_t2_large_7,0,146,6521
794,image_classification,triton_t2_large_12,0,79,6538
848,question_answering,triton_t2_large_12,0,49,6588
227,image_classification,triton_t2_large_16,0,84,6603
796,question_answering,triton_t2_large_12,0,34,6622
519,image_classification,triton_t2_large_7,0,115,6637
849,object_detection,triton_t2_large_16,0,42,6647
906,speech_recognition,triton_t2_large_6,0,771,6662
508,speech_recognition,triton_c5_2xlarge_1,0,186,6662
852,object_detection,triton_t2_large_16,0,27,6676
164,question_answering,triton_c5_2xlarge_1,0,16,6678
859,image_classification,triton_c5_2xlarge_1,0,25,6706
416,question_answering,triton_c5_2xlarge_1,0,14,6722
862,image_classification,triton_c5_2xlarge_1,0,28,6752
153,speech_recognition,triton_t2_large_4,0,572,6771
170,image_classification,triton_t2_large_6,0,116,6778
958,object_detection,triton_t2_large_6,0,31,6809
75,speech_recognition,triton_t2_large_8,0,599,6842
104,image_classification,triton_t2_large_4,0,81,6852
864,object_detection,triton_t2_large_6,0,48,6859
710,speech_recognition,triton_t2_large_2,0,589,6872
866,question_answering,triton_t2_large_8,0,51,6894
869,object_detection,triton_t2_large_4,0,41,6895
832,question_answering,triton_t2_large_2,0,48,6921
653,speech_recognition,triton_t2_large_15,0,599,6923
547,speech_recognition,triton_c5_2xlarge_1,0,184,6937
870,question_answering,triton_t2_large_8,0,40,6938
872,question_answering,triton_t2_large_4,0,40,6938
911,speech_recognition,triton_t2_large_1,0,574,6948
718,speech_recognition,triton_t2_large_11,0,583,6953
885,question_answering,triton_t2_large_2,0,33,6953
879,object_detection,triton_t2_large_2,0,44,6998
883,question_answering,triton_t2_large_11,0,48,7001
793,speech_recognition,triton_t2_large_5,0,582,7009
878,image_classification,triton_t2_large_4,0,77,7020
876,image_classification,triton_t2_large_8,0,79,7022
93,object_detection,triton_t2_large_2,0,28,7025
627,image_classification,triton_t2_large_1,0,82,7030
846,speech_recognition,triton_t2_large_3,0,570,7031
156,object_detection,triton_t2_large_4,0,31,7051
423,question_answering,triton_t2_large_8,0,47,7070
734,question_answering,triton_t2_large_2,0,45,7071
58,object_detection,triton_t2_large_1,0,41,7071
673,image_classification,triton_t2_large_11,0,78,7082
152,image_classification,triton_t2_large_5,0,82,7090
652,speech_recognition,triton_c5_2xlarge_1,0,178,7115
892,question_answering,triton_t2_large_11,0,47,7130
939,object_detection,triton_c5_2xlarge_1,0,20,7137
568,question_answering,triton_t2_large_5,0,48,7138
917,image_classification,triton_t2_large_4,0,94,7145
893,question_answering,triton_c5_2xlarge_1,0,14,7152
941,question_answering,triton_t2_large_5,0,33,7172
201,object_detection,triton_c5_2xlarge_1,0,17,7172
422,object_detection,triton_t2_large_4,0,38,7184
968,question_answering,triton_c5_2xlarge_1,0,15,7188
343,object_detection,triton_c5_2xlarge_1,0,16,7204
966,object_detection,triton_t2_large_5,0,41,7213
200,image_classification,triton_t2_large_11,0,81,7214
850,speech_recognition,triton_t2_large_12,0,587,7214
943,question_answering,triton_c5_2xlarge_1,0,15,7220
372,question_answering,triton_c5_2xlarge_1,0,14,7236
947,question_answering,triton_c5_2xlarge_1,0,13,7251
945,question_answering,triton_t2_large_11,0,45,7262
429,speech_recognition,triton_t2_large_16,0,596,7272
946,image_classification,triton_t2_large_12,0,80,7297
209,question_answering,triton_t2_large_16,0,49,7323
204,image_classification,triton_t2_large_11,0,82,7345
950,object_detection,triton_t2_large_16,0,43,7367
952,object_detection,triton_t2_large_16,0,27,7394
951,image_classification,triton_t2_large_11,0,70,7416
202,speech_recognition,triton_c5_2xlarge_1,0,181,7433
78,object_detection,triton_c5_2xlarge_1,0,18,7454
406,object_detection,triton_t2_large_11,0,42,7460
405,image_classification,triton_t2_large_16,0,83,7479
954,image_classification,triton_c5_2xlarge_1,0,28,7482
414,object_detection,triton_t2_large_11,0,30,7490
444,object_detection,triton_c5_2xlarge_1,0,17,7500
353,speech_recognition,triton_t2_large_15,0,594,7517
103,image_classification,triton_c5_2xlarge_1,0,26,7526
197,question_answering,triton_t2_large_16,0,52,7530
211,question_answering,triton_t2_large_11,0,42,7534
466,object_detection,triton_c5_2xlarge_1,0,16,7542
741,object_detection,triton_t2_large_15,0,42,7559
113,object_detection,triton_c5_2xlarge_1,0,16,7560
851,speech_recognition,triton_t2_large_7,0,927,7564
606,object_detection,triton_c5_2xlarge_1,0,17,7578
79,question_answering,triton_t2_large_16,0,48,7580
263,question_answering,triton_c5_2xlarge_1,0,14,7592
605,object_detection,triton_t2_large_15,0,31,7592
95,speech_recognition,triton_t2_large_3,0,569,7600
608,object_detection,triton_c5_2xlarge_1,0,17,7611
212,image_classification,triton_t2_large_11,0,83,7618
404,question_answering,triton_c5_2xlarge_1,0,14,7626
403,object_detection,triton_t2_large_3,0,33,7635
88,question_answering,triton_t2_large_7,0,74,7639
887,speech_recognition,triton_t2_large_1,0,570,7643
884,speech_recognition,triton_t2_large_2,0,582,7655
664,image_classification,triton_c5_2xlarge_1,0,30,7657
76,object_detection,triton_t2_large_11,0,44,7662
886,speech_recognition,triton_t2_large_8,0,597,7670
615,question_answering,triton_c5_2xlarge_1,0,15,7671
610,question_answering,triton_t2_large_3,0,44,7680
415,object_detection,triton_t2_large_1,0,38,7683
902,image_classification,triton_c5_2xlarge_1,0,26,7697
814,question_answering,triton_t2_large_7,0,75,7714
686,question_answering,triton_t2_large_3,0,32,7714
434,object_detection,triton_c5_2xlarge_1,0,17,7717
527,speech_recognition,triton_t2_large_6,0,870,7729
417,image_classification,triton_t2_large_2,0,83,7738
117,image_classification,triton_t2_large_11,0,80,7741
768,question_answering,triton_t2_large_3,0,32,7746
214,image_classification,triton_c5_2xlarge_1,0,35,7752
978,speech_recognition,triton_t2_large_4,0,570,7754
687,question_answering,triton_t2_large_7,0,68,7782
752,speech_recognition,triton_t2_large_5,0,578,7791
435,question_answering,triton_t2_large_6,0,63,7796
438,question_answering,triton_t2_large_4,0,45,7799
785,image_classification,triton_t2_large_3,0,82,7829
689,question_answering,triton_t2_large_4,0,32,7831
440,object_detection,triton_t2_large_6,0,45,7843
693,object_detection,triton_t2_large_4,0,43,7874
317,speech_recognition,triton_t2_large_12,0,580,7877
908,question_answering,triton_t2_large_12,0,48,7925
419,speech_recognition,triton_c5_2xlarge_1,0,181,7933
441,object_detection,triton_t2_large_12,0,34,7962
745,object_detection,triton_t2_large_12,0,30,7994
218,image_classification,triton_t2_large_7,0,232,8016
543,question_answering,triton_t2_large_12,0,46,8040
797,question_answering,triton_t2_large_12,0,32,8075
222,speech_recognition,triton_c5_2xlarge_1,0,178,8114
798,object_detection,triton_t2_large_12,0,44,8121
572,question_answering,triton_c5_2xlarge_1,0,14,8128
799,question_answering,triton_c5_2xlarge_1,0,15,8146
481,speech_recognition,triton_t2_large_16,0,599,8179
609,speech_recognition,triton_t2_large_15,0,596,8189
896,image_classification,triton_t2_large_12,0,80,8201
621,object_detection,triton_t2_large_16,0,31,8212
451,question_answering,triton_t2_large_15,0,51,8240
903,speech_recognition,triton_t2_large_1,0,570,8253
578,question_answering,triton_t2_large_16,0,53,8264
667,speech_recognition,triton_t2_large_8,0,598,8268
937,object_detection,triton_t2_large_15,0,40,8282
265,object_detection,triton_t2_large_1,0,40,8295
437,speech_recognition,triton_t2_large_11,0,578,8322
215,speech_recognition,triton_t2_large_2,0,584,8323
504,speech_recognition,triton_c5_2xlarge_1,0,183,8330
801,question_answering,triton_t2_large_15,0,49,8332
266,image_classification,triton_t2_large_16,0,84,8350
267,image_classification,triton_c5_2xlarge_1,0,26,8357
790,object_detection,triton_t2_large_11,0,44,8366
802,question_answering,triton_t2_large_2,0,42,8369
467,object_detection,triton_t2_large_15,0,37,8370
907,speech_recognition,triton_t2_large_5,0,578,8370
955,image_classification,triton_t2_large_1,0,79,8374
803,image_classification,triton_c5_2xlarge_1,0,20,8380
600,speech_recognition,triton_t2_large_3,0,577,8407
269,question_answering,triton_t2_large_1,0,47,8422
586,image_classification,triton_t2_large_11,0,77,8443
744,speech_recognition,triton_t2_large_4,0,575,8451
270,image_classification,triton_t2_large_3,0,81,8490
754,question_answering,triton_t2_large_11,0,46,8490
273,object_detection,triton_t2_large_4,0,43,8495
973,object_detection,triton_t2_large_11,0,34,8526
975,object_detection,triton_t2_large_3,0,39,8531
275,question_answering,triton_t2_large_4,0,44,8539
806,speech_recognition,triton_c5_2xlarge_1,0,183,8563
302,question_answering,triton_t2_large_4,0,33,8573
700,image_classification,triton_c5_2xlarge_1,0,32,8596
421,question_answering,triton_t2_large_4,0,32,8605
690,image_classification,triton_c5_2xlarge_1,0,21,8617
512,image_classification,triton_c5_2xlarge_1,0,21,8638
455,object_detection,triton_t2_large_4,0,42,8649
506,question_answering,triton_c5_2xlarge_1,0,14,8652
841,image_classification,triton_c5_2xlarge_1,0,26,8678
532,question_answering,triton_t2_large_4,0,43,8692
277,object_detection,triton_c5_2xlarge_1,0,18,8697
932,question_answering,triton_c5_2xlarge_1,0,14,8711
534,object_detection,triton_t2_large_4,0,40,8734
345,question_answering,triton_c5_2xlarge_1,0,26,8739
596,speech_recognition,triton_t2_large_12,0,584,8784
360,image_classification,triton_t2_large_4,0,78,8812
651,speech_recognition,triton_t2_large_8,0,593,8861
813,speech_recognition,triton_c5_2xlarge_1,0,187,8926
279,question_answering,triton_c5_2xlarge_1,0,14,8940
224,image_classification,triton_t2_large_8,0,84,8945
807,speech_recognition,triton_t2_large_5,0,576,8947
970,speech_recognition,triton_t2_large_16,0,598,8949
805,speech_recognition,triton_t2_large_2,0,592,8962
804,speech_recognition,triton_t2_large_15,0,606,8976
538,image_classification,triton_c5_2xlarge_1,0,39,8981
809,speech_recognition,triton_t2_large_1,0,569,8994
371,question_answering,triton_t2_large_16,0,51,9000
468,image_classification,triton_c5_2xlarge_1,0,22,9004
778,object_detection,triton_t2_large_15,0,42,9018
530,object_detection,triton_c5_2xlarge_1,0,19,9023
544,object_detection,triton_t2_large_1,0,31,9029
743,speech_recognition,triton_t2_large_6,0,1193,9035
281,object_detection,triton_c5_2xlarge_1,0,16,9039
280,object_detection,triton_t2_large_16,0,43,9044
548,object_detection,triton_t2_large_1,0,27,9059
546,question_answering,triton_t2_large_15,0,46,9067
915,object_detection,triton_t2_large_16,0,29,9073
276,speech_recognition,triton_t2_large_11,0,573,9102
810,speech_recognition,triton_t2_large_3,0,576,9109
571,question_answering,triton_t2_large_16,0,49,9123
44,object_detection,triton_t2_large_3,0,35,9147
98,question_answering,triton_t2_large_11,0,47,9149
43,image_classification,triton_t2_large_15,0,84,9152
119,question_answering,triton_t2_large_16,0,36,9160
497,object_detection,triton_t2_large_3,0,26,9173
737,question_answering,triton_t2_large_11,0,31,9183
738,object_detection,triton_t2_large_16,0,36,9199
552,speech_recognition,triton_c5_2xlarge_1,0,182,9224
45,image_classification,triton_t2_large_15,0,72,9227
783,image_classification,triton_t2_large_3,0,80,9253
742,image_classification,triton_t2_large_11,0,81,9265
753,question_answering,triton_t2_large_15,0,51,9279
123,image_classification,triton_t2_large_16,0,84,9284
124,image_classification,triton_t2_large_3,0,69,9323
592,speech_recognition,triton_t2_large_7,0,1331,9348
976,speech_recognition,triton_t2_large_12,0,576,9361
535,speech_recognition,triton_t2_large_4,0,572,9386
749,speech_recognition,triton_c5_2xlarge_1,0,174,9402
769,object_detection,triton_t2_large_7,0,60,9409
770,image_classification,triton_c5_2xlarge_1,0,27,9430
984,image_classification,triton_t2_large_12,0,78,9439
316,object_detection,triton_t2_large_12,0,42,9482
771,object_detection,triton_t2_large_7,0,69,9484
278,speech_recognition,triton_t2_large_5,0,567,9515
933,question_answering,triton_t2_large_12,0,44,9525
541,speech_recognition,triton_t2_large_2,0,576,9540
337,object_detection,triton_t2_large_7,0,60,9544
979,speech_recognition,triton_t2_large_8,0,598,9544
57,object_detection,triton_t2_large_12,0,31,9557
777,object_detection,triton_t2_large_12,0,28,9586
775,object_detection,triton_t2_large_8,0,39,9586
772,speech_recognition,triton_c5_2xlarge_1,0,179,9615
239,question_answering,triton_c5_2xlarge_1,0,15,9632
566,speech_recognition,triton_t2_large_1,0,569,9633
780,object_detection,triton_t2_large_1,0,37,9669
773,image_classification,triton_t2_large_7,0,141,9688
70,object_detection,triton_t2_large_1,0,27,9697
60,object_detection,triton_t2_large_7,0,49,9739
781,speech_recognition,triton_c5_2xlarge_1,0,183,9816
284,speech_recognition,triton_t2_large_11,0,576,9841
368,image_classification,triton_c5_2xlarge_1,0,27,9844
97,image_classification,triton_c5_2xlarge_1,0,22,9865
125,speech_recognition,triton_t2_large_16,0,591,9878
61,object_detection,triton_t2_large_11,0,43,9884
102,object_detection,triton_c5_2xlarge_1,0,18,9884
766,speech_recognition,triton_t2_large_15,0,604,9887
788,object_detection,triton_c5_2xlarge_1,0,18,9902
767,speech_recognition,triton_t2_large_3,0,579,9906
811,object_detection,triton_t2_large_11,0,31,9916
245,object_detection,triton_t2_large_16,0,40,9921
107,object_detection,triton_t2_large_15,0,40,9928
812,object_detection,triton_t2_large_3,0,41,9947
348,speech_recognition,triton_t2_large_4,0,565,9951
815,question_answering,triton_t2_large_11,0,43,9961
249,object_detection,triton_t2_large_3,0,27,9975
816,image_classification,triton_t2_large_15,0,81,10009
250,question_answering,triton_t2_large_3,0,41,10021
254,object_detection,triton_t2_large_3,0,35,10059
247,speech_recognition,triton_c5_2xlarge_1,0,179,10082
56,speech_recognition,triton_t2_large_5,0,566,10082
252,image_classification,triton_t2_large_15,0,72,10084
282,question_answering,triton_c5_2xlarge_1,0,15,10103
818,question_answering,triton_t2_large_3,0,49,10107
465,speech_recognition,triton_t2_large_2,0,581,10121
256,question_answering,triton_t2_large_15,0,48,10135
255,image_classification,triton_t2_large_5,0,76,10163
648,speech_recognition,triton_t2_large_12,0,582,10167
646,speech_recognition,triton_t2_large_8,0,598,10184
283,image_classification,triton_t2_large_3,0,81,10190
367,image_classification,triton_t2_large_2,0,80,10202
369,question_answering,triton_t2_large_5,0,46,10212
110,image_classification,triton_t2_large_15,0,86,10222
287,object_detection,triton_t2_large_2,0,42,10246
969,image_classification,triton_t2_large_12,0,82,10249
565,speech_recognition,triton_t2_large_6,0,1209,10251
111,object_detection,triton_t2_large_15,0,33,10255
356,image_classification,triton_t2_large_8,0,83,10268
782,speech_recognition,triton_t2_large_1,0,575,10273
828,object_detection,triton_t2_large_15,0,28,10283
108,speech_recognition,triton_c5_2xlarge_1,0,180,10284
292,object_detection,triton_t2_large_8,0,38,10307
374,question_answering,triton_t2_large_1,0,46,10321
382,question_answering,triton_t2_large_8,0,51,10358
293,object_detection,triton_t2_large_1,0,40,10363
375,image_classification,triton_t2_large_15,0,79,10365
296,question_answering,triton_t2_large_15,0,44,10410
383,image_classification,triton_t2_large_8,0,83,10443
381,speech_recognition,triton_c5_2xlarge_1,0,177,10463
388,object_detection,triton_t2_large_8,0,29,10478
394,question_answering,triton_c5_2xlarge_1,0,15,10485
387,image_classification,triton_t2_large_15,0,78,10494
397,object_detection,triton_t2_large_8,0,25,10507
223,speech_recognition,triton_t2_large_16,0,596,10518
817,speech_recognition,triton_t2_large_4,0,570,10521
77,object_detection,triton_t2_large_8,0,34,10541
630,speech_recognition,triton_t2_large_11,0,581,10541
424,object_detection,triton_t2_large_8,0,26,10574
418,object_detection,triton_t2_large_11,0,35,10583
400,image_classification,triton_t2_large_4,0,77,10603
644,object_detection,triton_t2_large_11,0,31,10614
604,object_detection,triton_t2_large_4,0,43,10646
425,image_classification,triton_t2_large_8,0,75,10656
399,speech_recognition,triton_c5_2xlarge_1,0,177,10670
526,question_answering,triton_t2_large_4,0,43,10689
618,image_classification,triton_t2_large_11,0,78,10692
442,question_answering,triton_t2_large_8,0,52,10709
285,speech_recognition,triton_t2_large_3,0,574,10768
579,image_classification,triton_t2_large_4,0,82,10771
288,speech_recognition,triton_t2_large_5,0,572,10787
426,image_classification,triton_t2_large_8,0,83,10793
289,speech_recognition,triton_t2_large_2,0,577,10824
370,speech_recognition,triton_t2_large_12,0,581,10833
430,object_detection,triton_t2_large_8,0,36,10833
463,question_answering,triton_t2_large_5,0,56,10844
428,image_classification,triton_t2_large_4,0,69,10844
654,speech_recognition,triton_c5_2xlarge_1,0,177,10848
431,object_detection,triton_t2_large_2,0,40,10869
659,question_answering,triton_t2_large_8,0,49,10884
658,image_classification,triton_t2_large_12,0,80,10915
464,object_detection,triton_t2_large_8,0,36,10923
295,speech_recognition,triton_t2_large_1,0,572,10938
448,question_answering,triton_t2_large_8,0,50,10975
240,speech_recognition,triton_t2_large_7,0,1250,10989
479,image_classification,triton_t2_large_12,0,69,10989
672,question_answering,triton_t2_large_8,0,35,11011
484,image_classification,triton_t2_large_1,0,80,11020
432,speech_recognition,triton_c5_2xlarge_1,0,178,11029
676,question_answering,triton_c5_2xlarge_1,0,14,11043
488,image_classification,triton_c5_2xlarge_1,0,34,11082
916,image_classification,triton_t2_large_1,0,69,11089
934,speech_recognition,triton_t2_large_15,0,604,11100
131,speech_recognition,triton_t2_large_16,0,590,11108
492,object_detection,triton_t2_large_15,0,39,11141
452,image_classification,triton_t2_large_7,0,160,11150
494,question_answering,triton_t2_large_16,0,48,11160
498,object_detection,triton_t2_large_15,0,28,11173
502,question_answering,triton_t2_large_15,0,46,11224
42,image_classification,triton_t2_large_16,0,86,11247
601,speech_recognition,triton_c5_2xlarge_1,0,184,11267
655,speech_recognition,triton_t2_large_11,0,583,11276
51,object_detection,triton_c5_2xlarge_1,0,24,11292
921,image_classification,triton_t2_large_15,0,84,11308
602,object_detection,triton_t2_large_11,0,36,11313
503,image_classification,triton_c5_2xlarge_1,0,26,11322
657,speech_recognition,triton_t2_large_3,0,574,11343
234,object_detection,triton_c5_2xlarge_1,0,24,11346
663,speech_recognition,triton_t2_large_4,0,573,11418
671,speech_recognition,triton_t2_large_5,0,575,11420
373,speech_recognition,triton_t2_large_6,0,1183,11436
433,speech_recognition,triton_t2_large_2,0,575,11447
626,question_answering,triton_t2_large_2,0,45,11496
518,question_answering,triton_t2_large_2,0,32,11531
510,speech_recognition,triton_c5_2xlarge_1,0,182,11532
449,speech_recognition,triton_t2_large_12,0,584,11573
485,speech_recognition,triton_t2_large_8,0,595,11610
620,image_classification,triton_t2_large_6,0,203,11643
642,image_classification,triton_t2_large_12,0,77,11656
489,speech_recognition,triton_t2_large_1,0,570,11661
643,image_classification,triton_t2_large_8,0,83,11694
363,object_detection,triton_t2_large_12,0,43,11699
678,object_detection,triton_t2_large_1,0,33,11699
628,speech_recognition,triton_c5_2xlarge_1,0,178,11714
702,image_classification,triton_c5_2xlarge_1,0,28,11750
683,image_classification,triton_t2_large_12,0,76,11776
699,image_classification,triton_t2_large_1,0,77,11777
158,speech_recognition,triton_t2_large_16,0,600,11847
505,speech_recognition,triton_t2_large_11,0,570,11888
619,speech_recognition,triton_t2_large_15,0,602,11912
304,speech_recognition,triton_t2_large_3,0,575,11919
299,image_classification,triton_t2_large_16,0,86,11933
728,speech_recognition,triton_c5_2xlarge_1,0,181,11937
819,object_detection,triton_t2_large_15,0,40,11954
820,object_detection,triton_t2_large_3,0,35,11960
786,image_classification,triton_t2_large_11,0,80,11971
311,speech_recognition,triton_t2_large_4,0,564,11984
824,question_answering,triton_t2_large_16,0,48,11984
515,speech_recognition,triton_t2_large_5,0,569,11994
827,image_classification,triton_t2_large_3,0,70,12040
838,question_answering,triton_t2_large_5,0,35,12040
833,image_classification,triton_t2_large_11,0,70,12052
835,image_classification,triton_t2_large_4,0,72,12065
842,question_answering,triton_t2_large_3,0,38,12088
844,object_detection,triton_t2_large_11,0,31,12093
845,object_detection,triton_t2_large_4,0,35,12109
632,speech_recognition,triton_t2_large_2,0,577,12112
843,image_classification,triton_t2_large_5,0,72,12122
825,speech_recognition,triton_c5_2xlarge_1,0,178,12126
897,object_detection,triton_t2_large_3,0,32,12128
894,question_answering,triton_t2_large_11,0,40,12136
905,image_classification,triton_c5_2xlarge_1,0,37,12167
912,question_answering,triton_t2_large_5,0,41,12170
909,question_answering,triton_t2_large_3,0,46,12175
935,question_answering,triton_c5_2xlarge_1,0,14,12188
899,image_classification,triton_t2_large_2,0,76,12195
936,object_detection,triton_t2_large_5,0,41,12215
926,image_classification,triton_t2_large_11,0,79,12220
981,image_classification,triton_t2_large_3,0,72,12257
982,image_classification,triton_t2_large_2,0,69,12266
453,image_classification,triton_t2_large_11,0,68,12288
696,speech_recognition,triton_t2_large_8,0,599,12299
35,object_detection,triton_t2_large_2,0,34,12308
41,speech_recognition,triton_t2_large_7,0,1171,12321
36,object_detection,triton_t2_large_11,0,32,12330
34,image_classification,triton_t2_large_3,0,70,12333
39,object_detection,triton_t2_large_8,0,31,12341
730,speech_recognition,triton_t2_large_1,0,571,12349
732,speech_recognition,triton_t2_large_12,0,577,12356
66,object_detection,triton_t2_large_3,0,30,12373
983,speech_recognition,triton_c5_2xlarge_1,0,178,12375
40,image_classification,triton_t2_large_2,0,77,12387
74,object_detection,triton_t2_large_1,0,36,12390
193,object_detection,triton_c5_2xlarge_1,0,18,12394
90,object_detection,triton_t2_large_12,0,34,12398
96,object_detection,triton_t2_large_3,0,28,12403
229,object_detection,triton_t2_large_2,0,39,12427
101,image_classification,triton_c5_2xlarge_1,0,33,12429
115,object_detection,triton_t2_large_3,0,32,12439
225,object_detection,triton_c5_2xlarge_1,0,17,12447
118,object_detection,triton_t2_large_2,0,27,12455
126,question_answering,triton_c5_2xlarge_1,0,14,12464
230,image_classification,triton_t2_large_12,0,78,12476
130,object_detection,triton_c5_2xlarge_1,0,16,12487
129,question_answering,triton_t2_large_2,0,41,12501
154,question_answering,triton_c5_2xlarge_1,0,14,12507
226,image_classification,triton_t2_large_3,0,78,12520
133,question_answering,triton_t2_large_12,0,43,12525
161,image_classification,triton_c5_2xlarge_1,0,25,12539
157,object_detection,triton_t2_large_2,0,39,12542
62,image_classification,triton_t2_large_7,0,214,12546
178,question_answering,triton_c5_2xlarge_1,0,14,12559
228,question_answering,triton_t2_large_12,0,32,12559
826,speech_recognition,triton_t2_large_15,0,604,12562
171,question_answering,triton_t2_large_3,0,44,12568
834,speech_recognition,triton_t2_large_16,0,589,12582
180,question_answering,triton_t2_large_2,0,43,12588
303,image_classification,triton_c5_2xlarge_1,0,27,12588
338,image_classification,triton_c5_2xlarge_1,0,21,12613
346,question_answering,triton_c5_2xlarge_1,0,14,12627
339,object_detection,triton_t2_large_2,0,37,12629
584,question_answering,triton_t2_large_16,0,50,12632
297,image_classification,triton_t2_large_12,0,84,12645
185,object_detection,triton_c5_2xlarge_1,0,17,12647
352,object_detection,triton_c5_2xlarge_1,0,15,12672
898,speech_recognition,triton_t2_large_4,0,569,12688
350,question_answering,triton_t2_large_12,0,47,12693
354,question_answering,triton_c5_2xlarge_1,0,14,12693
347,image_classification,triton_t2_large_16,0,84,12719
362,object_detection,triton_c5_2xlarge_1,0,18,12719
454,object_detection,triton_c5_2xlarge_1,0,16,12738
459,object_detection,triton_c5_2xlarge_1,0,16,12760
358,image_classification,triton_t2_large_4,0,80,12769
364,question_answering,triton_t2_large_16,0,49,12771
462,object_detection,triton_c5_2xlarge_1,0,16,12782
33,speech_recognition,triton_t2_large_5,0,569,12788
528,object_detection,triton_c5_2xlarge_1,0,16,12804
521,object_detection,triton_t2_large_4,0,35,12812
525,question_answering,triton_t2_large_16,0,36,12813
531,object_detection,triton_c5_2xlarge_1,0,16,12826
577,object_detection,triton_c5_2xlarge_1,0,16,12848
533,object_detection,triton_t2_large_4,0,29,12850
583,question_answering,triton_c5_2xlarge_1,0,14,12867
677,speech_recognition,triton_t2_large_6,0,1227,12871
587,question_answering,triton_c5_2xlarge_1,0,13,12887
580,question_answering,triton_t2_large_4,0,41,12894
576,image_classification,triton_t2_large_16,0,78,12899
54,speech_recognition,triton_t2_large_11,0,569,12900
595,image_classification,triton_c5_2xlarge_1,0,27,12923
588,object_detection,triton_t2_large_4,0,32,12928
65,speech_recognition,triton_t2_large_8,0,596,12939
599,question_answering,triton_t2_large_11,0,41,12948
114,speech_recognition,triton_t2_large_1,0,565,12961
585,image_classification,triton_t2_large_6,0,251,13125
314,speech_recognition,triton_t2_large_3,0,573,13144
183,speech_recognition,triton_t2_large_15,0,602,13169
184,speech_recognition,triton_t2_large_2,0,579,13208
361,speech_recognition,triton_t2_large_12,0,580,13280
529,speech_recognition,triton_t2_large_5,0,573,13372
236,speech_recognition,triton_t2_large_7,0,2298,14848
