task_id,task_type,assigned_machine,arrival_time,inference_time,completion_time
1,object_detection,triton_t2_large_7,12,31,49
2,question_answering,triton_t2_large_6,15,31,53
4,image_classification,triton_g4dn_xlarge_3,78,10,94
3,question_answering,triton_t2_large_8,53,36,96
8,question_answering,triton_g4dn_xlarge_3,147,3,157
6,object_detection,triton_t2_large_6,120,46,172
5,image_classification,triton_t2_large_7,111,66,184
7,question_answering,triton_t2_large_8,134,42,184
10,object_detection,triton_g4dn_xlarge_3,167,19,193
13,speech_recognition,triton_g4dn_xlarge_3,218,19,244
9,image_classification,triton_t2_large_6,166,79,251
12,question_answering,triton_t2_large_8,215,34,256
14,object_detection,triton_t2_large_6,262,24,295
16,speech_recognition,triton_g4dn_xlarge_3,303,19,328
18,image_classification,triton_g4dn_xlarge_3,353,9,369
19,image_classification,triton_g4dn_xlarge_3,366,7,381
20,object_detection,triton_g4dn_xlarge_3,376,10,392
21,speech_recognition,triton_g4dn_xlarge_3,386,19,411
17,image_classification,triton_t2_large_6,353,75,434
23,image_classification,triton_g4dn_xlarge_3,477,8,492
22,question_answering,triton_t2_large_6,469,30,506
24,object_detection,triton_g4dn_xlarge_3,490,9,506
26,question_answering,triton_g4dn_xlarge_3,517,3,527
27,speech_recognition,triton_g4dn_xlarge_3,526,19,551
28,question_answering,triton_g4dn_xlarge_3,530,3,562
29,speech_recognition,triton_g4dn_xlarge_3,575,19,601
30,speech_recognition,triton_g4dn_xlarge_3,612,20,639
31,image_classification,triton_g4dn_xlarge_3,652,8,667
32,image_classification,triton_g4dn_xlarge_3,667,7,681
11,speech_recognition,triton_t2_large_7,179,575,762
33,speech_recognition,triton_g4dn_xlarge_3,744,19,770
35,object_detection,triton_g4dn_xlarge_3,800,10,818
34,image_classification,triton_t2_large_7,752,73,843
15,speech_recognition,triton_t2_large_8,266,590,864
36,object_detection,triton_t2_large_7,902,26,935
38,object_detection,triton_g4dn_xlarge_3,974,16,997
40,image_classification,triton_g4dn_xlarge_3,998,7,1012
39,object_detection,triton_t2_large_7,983,29,1020
42,image_classification,triton_g4dn_xlarge_3,1018,7,1033
43,image_classification,triton_g4dn_xlarge_3,1030,7,1044
44,object_detection,triton_g4dn_xlarge_3,1032,9,1058
45,image_classification,triton_g4dn_xlarge_3,1054,7,1069
37,image_classification,triton_t2_large_8,974,90,1071
25,speech_recognition,triton_t2_large_6,506,562,1075
47,object_detection,triton_g4dn_xlarge_3,1081,15,1104
46,object_detection,triton_t2_large_8,1066,34,1107
48,object_detection,triton_t2_large_6,1082,32,1122
49,object_detection,triton_t2_large_8,1135,29,1171
50,question_answering,triton_g4dn_xlarge_3,1199,3,1210
51,object_detection,triton_t2_large_6,1203,24,1234
53,speech_recognition,triton_g4dn_xlarge_3,1209,18,1235
52,object_detection,triton_t2_large_8,1205,29,1242
56,speech_recognition,triton_g4dn_xlarge_3,1275,19,1301
58,object_detection,triton_g4dn_xlarge_3,1295,14,1316
57,object_detection,triton_g4dn_xlarge_3,1287,9,1335
59,question_answering,triton_g4dn_xlarge_3,1346,3,1357
60,object_detection,triton_g4dn_xlarge_3,1347,9,1373
61,object_detection,triton_g4dn_xlarge_3,1385,9,1401
62,image_classification,triton_g4dn_xlarge_3,1439,8,1454
63,question_answering,triton_g4dn_xlarge_3,1477,3,1487
64,question_answering,triton_g4dn_xlarge_3,1480,3,1500
65,speech_recognition,triton_g4dn_xlarge_3,1526,19,1552
66,object_detection,triton_g4dn_xlarge_3,1532,9,1570
41,speech_recognition,triton_t2_large_7,1016,567,1589
68,image_classification,triton_g4dn_xlarge_3,1606,7,1620
69,object_detection,triton_g4dn_xlarge_3,1624,9,1640
70,image_classification,triton_g4dn_xlarge_3,1625,8,1651
71,question_answering,triton_g4dn_xlarge_3,1647,3,1658
72,question_answering,triton_g4dn_xlarge_3,1652,3,1662
73,speech_recognition,triton_g4dn_xlarge_3,1666,18,1691
74,object_detection,triton_g4dn_xlarge_3,1678,17,1714
75,speech_recognition,triton_g4dn_xlarge_3,1694,19,1742
79,question_answering,triton_g4dn_xlarge_3,1737,3,1748
78,object_detection,triton_g4dn_xlarge_3,1731,14,1764
80,speech_recognition,triton_g4dn_xlarge_3,1759,19,1786
76,object_detection,triton_g4dn_xlarge_3,1719,9,1799
82,image_classification,triton_g4dn_xlarge_3,1794,8,1809
83,question_answering,triton_g4dn_xlarge_3,1803,3,1813
81,question_answering,triton_g4dn_xlarge_3,1778,3,1821
77,object_detection,triton_g4dn_xlarge_3,1721,9,1833
54,speech_recognition,triton_t2_large_6,1261,566,1835
84,image_classification,triton_g4dn_xlarge_3,1826,7,1840
55,speech_recognition,triton_t2_large_8,1267,597,1872
87,object_detection,triton_g4dn_xlarge_3,1923,9,1940
88,question_answering,triton_g4dn_xlarge_3,1947,3,1958
86,image_classification,triton_t2_large_8,1883,69,1960
89,object_detection,triton_t2_large_8,1991,34,2032
90,object_detection,triton_g4dn_xlarge_3,2020,9,2036
67,speech_recognition,triton_t2_large_7,1603,562,2173
92,image_classification,triton_g4dn_xlarge_3,2164,9,2180
91,object_detection,triton_t2_large_8,2163,27,2198
95,speech_recognition,triton_g4dn_xlarge_3,2252,19,2278
93,object_detection,triton_t2_large_7,2241,34,2282
94,question_answering,triton_t2_large_8,2242,34,2283
96,object_detection,triton_t2_large_7,2289,43,2340
98,question_answering,triton_g4dn_xlarge_3,2365,3,2375
100,object_detection,triton_g4dn_xlarge_3,2393,10,2410
97,image_classification,triton_t2_large_8,2334,69,2411
102,object_detection,triton_g4dn_xlarge_3,2411,13,2432
85,speech_recognition,triton_t2_large_6,1871,564,2443
99,image_classification,triton_t2_large_7,2375,68,2450
104,image_classification,triton_g4dn_xlarge_3,2442,8,2457
101,image_classification,triton_t2_large_8,2394,70,2482
103,image_classification,triton_t2_large_6,2441,76,2524
105,image_classification,triton_t2_large_7,2471,66,2545
106,object_detection,triton_t2_large_6,2535,27,2571
107,object_detection,triton_t2_large_8,2539,30,2577
108,speech_recognition,triton_g4dn_xlarge_3,2605,19,2632
112,question_answering,triton_g4dn_xlarge_3,2633,4,2644
111,object_detection,triton_t2_large_8,2631,28,2666
113,object_detection,triton_g4dn_xlarge_3,2653,10,2671
115,object_detection,triton_g4dn_xlarge_3,2682,14,2704
109,image_classification,triton_t2_large_7,2630,68,2706
110,image_classification,triton_t2_large_6,2631,76,2714
118,object_detection,triton_g4dn_xlarge_3,2733,9,2750
116,question_answering,triton_t2_large_7,2691,44,2753
117,image_classification,triton_t2_large_6,2722,67,2796
119,question_answering,triton_t2_large_7,2789,30,2826
121,image_classification,triton_g4dn_xlarge_3,2826,7,2841
120,image_classification,triton_t2_large_6,2815,67,2890
123,image_classification,triton_g4dn_xlarge_3,2874,12,2894
122,object_detection,triton_t2_large_7,2858,31,2897
125,speech_recognition,triton_g4dn_xlarge_3,2899,19,2926
128,question_answering,triton_g4dn_xlarge_3,2915,3,2937
126,question_answering,triton_t2_large_7,2900,35,2942
124,image_classification,triton_t2_large_6,2878,67,2963
127,question_answering,triton_t2_large_7,2908,30,2976
129,question_answering,triton_t2_large_6,2981,30,3018
130,object_detection,triton_g4dn_xlarge_3,3015,9,3031
132,image_classification,triton_t2_large_6,3099,74,3181
133,question_answering,triton_g4dn_xlarge_3,3197,3,3208
135,object_detection,triton_g4dn_xlarge_3,3241,10,3258
114,speech_recognition,triton_t2_large_8,2679,599,3286
136,object_detection,triton_g4dn_xlarge_3,3265,14,3287
137,object_detection,triton_t2_large_8,3267,30,3326
138,speech_recognition,triton_g4dn_xlarge_3,3314,18,3340
139,question_answering,triton_t2_large_8,3359,39,3406
140,object_detection,triton_g4dn_xlarge_3,3410,14,3431
142,object_detection,triton_g4dn_xlarge_3,3430,8,3446
143,speech_recognition,triton_g4dn_xlarge_3,3464,18,3491
144,question_answering,triton_g4dn_xlarge_3,3494,3,3505
146,image_classification,triton_g4dn_xlarge_3,3501,14,3523
145,image_classification,triton_g4dn_xlarge_3,3495,8,3532
147,question_answering,triton_g4dn_xlarge_3,3520,3,3542
148,speech_recognition,triton_g4dn_xlarge_3,3548,19,3575
149,object_detection,triton_g4dn_xlarge_3,3588,12,3607
131,speech_recognition,triton_t2_large_7,3072,567,3647
151,speech_recognition,triton_g4dn_xlarge_3,3672,18,3699
152,image_classification,triton_g4dn_xlarge_3,3722,7,3737
153,speech_recognition,triton_g4dn_xlarge_3,3732,18,3758
134,speech_recognition,triton_t2_large_6,3230,558,3796
155,image_classification,triton_g4dn_xlarge_3,3808,10,3826
154,question_answering,triton_t2_large_6,3804,32,3843
157,object_detection,triton_g4dn_xlarge_3,3889,10,3907
156,object_detection,triton_t2_large_6,3889,34,3931
159,image_classification,triton_g4dn_xlarge_3,3944,7,3959
141,speech_recognition,triton_t2_large_8,3413,592,4013
160,speech_recognition,triton_g4dn_xlarge_3,3991,18,4018
162,question_answering,triton_g4dn_xlarge_3,4060,3,4071
161,image_classification,triton_t2_large_8,4044,83,4135
163,object_detection,triton_g4dn_xlarge_3,4118,9,4136
166,image_classification,triton_g4dn_xlarge_3,4133,7,4148
164,question_answering,triton_g4dn_xlarge_3,4126,3,4159
167,image_classification,triton_g4dn_xlarge_3,4156,7,4171
168,speech_recognition,triton_g4dn_xlarge_3,4177,19,4204
165,image_classification,triton_t2_large_8,4131,68,4207
150,speech_recognition,triton_t2_large_7,3653,565,4226
170,image_classification,triton_g4dn_xlarge_3,4235,7,4250
172,question_answering,triton_g4dn_xlarge_3,4319,3,4330
171,question_answering,triton_t2_large_7,4307,31,4345
173,object_detection,triton_g4dn_xlarge_3,4335,9,4354
175,question_answering,triton_g4dn_xlarge_3,4394,3,4405
176,question_answering,triton_g4dn_xlarge_3,4409,3,4420
177,image_classification,triton_g4dn_xlarge_3,4411,7,4437
178,question_answering,triton_g4dn_xlarge_3,4412,3,4444
174,image_classification,triton_t2_large_7,4382,66,4457
179,image_classification,triton_g4dn_xlarge_3,4444,7,4459
158,speech_recognition,triton_t2_large_6,3931,563,4502
180,question_answering,triton_t2_large_7,4456,40,4504
182,image_classification,triton_g4dn_xlarge_3,4636,7,4652
181,question_answering,triton_t2_large_6,4624,30,4662
185,object_detection,triton_g4dn_xlarge_3,4769,10,4786
186,speech_recognition,triton_g4dn_xlarge_3,4779,18,4805
169,speech_recognition,triton_t2_large_8,4185,594,4808
187,speech_recognition,triton_g4dn_xlarge_3,4799,19,4827
189,speech_recognition,triton_g4dn_xlarge_3,4831,20,4859
188,question_answering,triton_t2_large_8,4823,35,4866
191,speech_recognition,triton_g4dn_xlarge_3,4892,19,4919
190,question_answering,triton_t2_large_8,4883,35,4926
192,question_answering,triton_g4dn_xlarge_3,4894,3,4926
193,object_detection,triton_t2_large_8,4965,34,5007
194,object_detection,triton_g4dn_xlarge_3,4999,9,5016
196,speech_recognition,triton_g4dn_xlarge_3,5031,18,5057
195,image_classification,triton_t2_large_8,5004,76,5088
197,question_answering,triton_t2_large_8,5101,35,5144
198,question_answering,triton_g4dn_xlarge_3,5136,3,5147
183,speech_recognition,triton_t2_large_7,4660,562,5230
200,image_classification,triton_g4dn_xlarge_3,5221,8,5237
184,speech_recognition,triton_t2_large_6,4680,569,5257
201,object_detection,triton_t2_large_7,5222,29,5269
202,speech_recognition,triton_g4dn_xlarge_3,5249,19,5275
206,speech_recognition,triton_g4dn_xlarge_3,5274,19,5302
205,speech_recognition,triton_g4dn_xlarge_3,5265,22,5328
208,question_answering,triton_g4dn_xlarge_3,5298,4,5333
209,question_answering,triton_g4dn_xlarge_3,5315,3,5338
204,image_classification,triton_t2_large_7,5265,73,5348
207,object_detection,triton_g4dn_xlarge_3,5289,10,5350
210,question_answering,triton_g4dn_xlarge_3,5332,3,5355
212,image_classification,triton_g4dn_xlarge_3,5357,8,5374
213,object_detection,triton_g4dn_xlarge_3,5357,9,5386
211,question_answering,triton_t2_large_7,5339,47,5395
215,speech_recognition,triton_g4dn_xlarge_3,5415,18,5442
216,image_classification,triton_g4dn_xlarge_3,5442,8,5461
214,image_classification,triton_t2_large_7,5400,67,5476
217,speech_recognition,triton_g4dn_xlarge_3,5456,20,5486
219,image_classification,triton_g4dn_xlarge_3,5489,8,5506
220,question_answering,triton_g4dn_xlarge_3,5490,3,5513
221,speech_recognition,triton_g4dn_xlarge_3,5491,20,5540
218,image_classification,triton_t2_large_7,5462,66,5547
222,image_classification,triton_g4dn_xlarge_3,5493,8,5551
224,image_classification,triton_g4dn_xlarge_3,5564,7,5580
225,object_detection,triton_g4dn_xlarge_3,5593,9,5612
226,image_classification,triton_g4dn_xlarge_3,5611,10,5630
227,image_classification,triton_g4dn_xlarge_3,5701,7,5718
228,question_answering,triton_g4dn_xlarge_3,5739,3,5751
199,speech_recognition,triton_t2_large_8,5162,590,5761
229,object_detection,triton_t2_large_8,5742,36,5798
230,image_classification,triton_g4dn_xlarge_3,5800,7,5816
203,speech_recognition,triton_t2_large_6,5256,559,5823
233,question_answering,triton_g4dn_xlarge_3,5863,3,5876
232,object_detection,triton_t2_large_8,5850,25,5885
231,image_classification,triton_t2_large_6,5815,80,5904
234,object_detection,triton_t2_large_6,5901,33,5943
235,question_answering,triton_t2_large_8,5913,39,5961
236,speech_recognition,triton_g4dn_xlarge_3,5946,18,5973
239,question_answering,triton_g4dn_xlarge_3,6024,3,6037
237,question_answering,triton_t2_large_6,6009,37,6055
241,object_detection,triton_g4dn_xlarge_3,6084,10,6103
242,image_classification,triton_g4dn_xlarge_3,6087,7,6115
223,speech_recognition,triton_t2_large_7,5527,563,6122
244,question_answering,triton_g4dn_xlarge_3,6141,3,6154
246,question_answering,triton_g4dn_xlarge_3,6152,3,6164
243,object_detection,triton_t2_large_7,6136,26,6172
245,object_detection,triton_t2_large_7,6143,25,6197
247,speech_recognition,triton_g4dn_xlarge_3,6226,18,6254
248,object_detection,triton_t2_large_7,6243,25,6278
249,object_detection,triton_g4dn_xlarge_3,6262,10,6281
251,speech_recognition,triton_g4dn_xlarge_3,6286,19,6314
250,question_answering,triton_t2_large_7,6275,37,6322
253,question_answering,triton_g4dn_xlarge_3,6429,3,6441
252,image_classification,triton_t2_large_7,6380,67,6457
255,object_detection,triton_g4dn_xlarge_3,6473,9,6492
256,question_answering,triton_g4dn_xlarge_3,6491,3,6504
257,object_detection,triton_g4dn_xlarge_3,6499,10,6519
258,question_answering,triton_g4dn_xlarge_3,6503,3,6527
259,object_detection,triton_g4dn_xlarge_3,6508,9,6538
254,image_classification,triton_t2_large_7,6472,66,6547
260,image_classification,triton_g4dn_xlarge_3,6521,8,6549
262,speech_recognition,triton_g4dn_xlarge_3,6538,19,6577
263,question_answering,triton_g4dn_xlarge_3,6555,3,6590
261,question_answering,triton_t2_large_7,6536,36,6592
265,object_detection,triton_g4dn_xlarge_3,6589,14,6612
238,speech_recognition,triton_t2_large_8,6021,591,6621
266,image_classification,triton_g4dn_xlarge_3,6589,7,6627
240,speech_recognition,triton_t2_large_6,6080,556,6646
268,image_classification,triton_g4dn_xlarge_3,6650,8,6667
264,image_classification,triton_t2_large_7,6566,77,6674
270,image_classification,triton_g4dn_xlarge_3,6669,7,6686
269,question_answering,triton_t2_large_6,6657,30,6696
267,image_classification,triton_t2_large_8,6621,75,6705
271,question_answering,triton_t2_large_7,6674,38,6721
272,question_answering,triton_t2_large_6,6756,36,6801
274,object_detection,triton_g4dn_xlarge_3,6784,14,6808
273,object_detection,triton_t2_large_8,6780,26,6816
275,question_answering,triton_t2_large_7,6833,37,6880
277,object_detection,triton_t2_large_8,6903,29,6941
278,speech_recognition,triton_g4dn_xlarge_3,6953,18,6981
281,object_detection,triton_g4dn_xlarge_3,6980,9,6999
279,question_answering,triton_t2_large_7,6968,34,7012
280,object_detection,triton_t2_large_8,6975,28,7013
282,question_answering,triton_t2_large_7,7005,30,7045
284,speech_recognition,triton_g4dn_xlarge_3,7057,18,7085
283,image_classification,triton_t2_large_8,7009,77,7096
287,object_detection,triton_g4dn_xlarge_3,7103,10,7122
288,speech_recognition,triton_g4dn_xlarge_3,7116,19,7144
289,speech_recognition,triton_g4dn_xlarge_3,7133,19,7173
290,speech_recognition,triton_g4dn_xlarge_3,7236,19,7265
291,image_classification,triton_g4dn_xlarge_3,7323,8,7341
292,object_detection,triton_g4dn_xlarge_3,7349,10,7370
293,object_detection,triton_g4dn_xlarge_3,7349,9,7380
294,object_detection,triton_g4dn_xlarge_3,7376,13,7399
295,speech_recognition,triton_g4dn_xlarge_3,7396,19,7424
296,question_answering,triton_g4dn_xlarge_3,7405,3,7430
276,speech_recognition,triton_t2_large_6,6870,566,7446
297,image_classification,triton_g4dn_xlarge_3,7414,12,7447
298,question_answering,triton_t2_large_6,7450,32,7493
299,image_classification,triton_g4dn_xlarge_3,7546,8,7564
301,image_classification,triton_g4dn_xlarge_3,7597,7,7615
285,speech_recognition,triton_t2_large_7,7075,560,7644
300,image_classification,triton_t2_large_6,7587,67,7663
304,question_answering,triton_g4dn_xlarge_3,7661,4,7674
286,speech_recognition,triton_t2_large_8,7090,592,7692
302,image_classification,triton_t2_large_7,7659,66,7735
307,question_answering,triton_g4dn_xlarge_3,7772,3,7785
305,image_classification,triton_t2_large_7,7730,66,7806
306,image_classification,triton_t2_large_8,7740,78,7828
310,object_detection,triton_g4dn_xlarge_3,7866,10,7886
308,image_classification,triton_t2_large_7,7815,66,7891
309,question_answering,triton_t2_large_8,7850,35,7894
313,question_answering,triton_g4dn_xlarge_3,7934,3,7947
314,speech_recognition,triton_g4dn_xlarge_3,7962,19,7991
315,speech_recognition,triton_g4dn_xlarge_3,7976,20,8017
316,object_detection,triton_g4dn_xlarge_3,8010,9,8029
317,speech_recognition,triton_g4dn_xlarge_3,8027,20,8057
318,question_answering,triton_g4dn_xlarge_3,8115,3,8128
319,speech_recognition,triton_g4dn_xlarge_3,8118,19,8157
320,object_detection,triton_g4dn_xlarge_3,8153,9,8172
321,speech_recognition,triton_g4dn_xlarge_3,8201,19,8230
303,speech_recognition,triton_t2_large_6,7660,566,8236
323,question_answering,triton_g4dn_xlarge_3,8258,3,8271
322,object_detection,triton_t2_large_6,8217,34,8272
324,object_detection,triton_t2_large_6,8263,24,8297
325,image_classification,triton_g4dn_xlarge_3,8300,8,8319
327,object_detection,triton_g4dn_xlarge_3,8310,9,8329
328,image_classification,triton_g4dn_xlarge_3,8350,7,8367
329,object_detection,triton_g4dn_xlarge_3,8375,15,8400
330,image_classification,triton_g4dn_xlarge_3,8391,7,8408
331,object_detection,triton_g4dn_xlarge_3,8402,9,8421
332,question_answering,triton_g4dn_xlarge_3,8433,3,8446
311,speech_recognition,triton_t2_large_7,7909,565,8484
312,speech_recognition,triton_t2_large_8,7914,587,8511
334,question_answering,triton_t2_large_8,8565,39,8614
335,object_detection,triton_g4dn_xlarge_3,8599,9,8618
333,image_classification,triton_t2_large_7,8554,69,8633
337,object_detection,triton_g4dn_xlarge_3,8685,10,8705
339,object_detection,triton_g4dn_xlarge_3,8714,9,8734
340,speech_recognition,triton_g4dn_xlarge_3,8715,18,8754
343,object_detection,triton_g4dn_xlarge_3,8748,9,8766
344,object_detection,triton_g4dn_xlarge_3,8748,9,8777
338,image_classification,triton_t2_large_7,8695,74,8779
342,image_classification,triton_g4dn_xlarge_3,8732,14,8798
345,question_answering,triton_g4dn_xlarge_3,8788,3,8812
341,object_detection,triton_t2_large_7,8729,38,8819
347,image_classification,triton_g4dn_xlarge_3,8833,8,8850
346,question_answering,triton_t2_large_7,8826,29,8866
326,speech_recognition,triton_t2_large_6,8305,560,8876
348,speech_recognition,triton_g4dn_xlarge_3,8850,19,8879
349,question_answering,triton_t2_large_7,8860,30,8899
350,question_answering,triton_t2_large_6,8884,30,8924
351,image_classification,triton_g4dn_xlarge_3,8911,7,8929
352,object_detection,triton_t2_large_7,8920,25,8956
354,question_answering,triton_g4dn_xlarge_3,8945,3,8959
356,image_classification,triton_g4dn_xlarge_3,8958,8,8977
357,question_answering,triton_g4dn_xlarge_3,8971,3,8984
358,image_classification,triton_g4dn_xlarge_3,8995,7,9012
359,question_answering,triton_g4dn_xlarge_3,9014,3,9028
355,image_classification,triton_t2_large_7,8946,79,9035
361,image_classification,triton_g4dn_xlarge_3,9056,8,9074
362,object_detection,triton_g4dn_xlarge_3,9069,9,9088
363,object_detection,triton_g4dn_xlarge_3,9071,10,9101
364,question_answering,triton_g4dn_xlarge_3,9111,3,9124
365,object_detection,triton_g4dn_xlarge_3,9112,9,9144
366,object_detection,triton_g4dn_xlarge_3,9138,9,9157
367,image_classification,triton_g4dn_xlarge_3,9164,7,9181
368,image_classification,triton_g4dn_xlarge_3,9193,7,9211
369,question_answering,triton_g4dn_xlarge_3,9204,3,9217
336,speech_recognition,triton_t2_large_8,8618,591,9220
371,question_answering,triton_g4dn_xlarge_3,9265,3,9279
372,question_answering,triton_g4dn_xlarge_3,9268,3,9292
374,question_answering,triton_g4dn_xlarge_3,9279,3,9303
375,image_classification,triton_g4dn_xlarge_3,9296,8,9314
376,object_detection,triton_g4dn_xlarge_3,9296,10,9327
378,image_classification,triton_g4dn_xlarge_3,9318,7,9336
373,speech_recognition,triton_g4dn_xlarge_3,9269,18,9362
377,speech_recognition,triton_g4dn_xlarge_3,9303,20,9387
379,speech_recognition,triton_g4dn_xlarge_3,9325,21,9410
380,image_classification,triton_g4dn_xlarge_3,9425,8,9444
381,speech_recognition,triton_g4dn_xlarge_3,9452,19,9482
353,speech_recognition,triton_t2_large_6,8935,562,9507
382,question_answering,triton_t2_large_6,9532,30,9572
383,image_classification,triton_g4dn_xlarge_3,9576,12,9598
384,object_detection,triton_t2_large_6,9586,26,9623
360,speech_recognition,triton_t2_large_7,9055,575,9641
385,object_detection,triton_g4dn_xlarge_3,9635,9,9655
387,image_classification,triton_t2_large_6,9727,66,9805
388,object_detection,triton_g4dn_xlarge_3,9798,9,9817
390,object_detection,triton_g4dn_xlarge_3,9823,9,9842
370,speech_recognition,triton_t2_large_8,9244,590,9844
392,image_classification,triton_g4dn_xlarge_3,9858,8,9876
391,question_answering,triton_t2_large_8,9824,50,9896
389,image_classification,triton_t2_large_6,9821,76,9907
393,object_detection,triton_t2_large_8,9894,28,9934
394,question_answering,triton_g4dn_xlarge_3,9970,3,9984
395,image_classification,triton_t2_large_6,9978,75,10063
397,object_detection,triton_g4dn_xlarge_3,10093,12,10115
398,object_detection,triton_t2_large_6,10096,27,10133
399,speech_recognition,triton_g4dn_xlarge_3,10138,19,10167
401,speech_recognition,triton_g4dn_xlarge_3,10178,19,10207
402,question_answering,triton_g4dn_xlarge_3,10209,3,10223
386,speech_recognition,triton_t2_large_7,9654,561,10225
400,image_classification,triton_t2_large_6,10174,74,10258
403,object_detection,triton_t2_large_7,10216,35,10261
405,image_classification,triton_g4dn_xlarge_3,10272,8,10291
404,question_answering,triton_t2_large_6,10251,44,10305
406,object_detection,triton_t2_large_7,10353,29,10392
408,speech_recognition,triton_g4dn_xlarge_3,10382,19,10411
410,object_detection,triton_g4dn_xlarge_3,10415,10,10435
411,speech_recognition,triton_g4dn_xlarge_3,10456,18,10485
412,question_answering,triton_g4dn_xlarge_3,10463,3,10499
413,question_answering,triton_g4dn_xlarge_3,10542,3,10556
414,object_detection,triton_g4dn_xlarge_3,10553,10,10574
396,speech_recognition,triton_t2_large_8,9988,587,10586
416,question_answering,triton_g4dn_xlarge_3,10610,3,10623
415,object_detection,triton_t2_large_8,10579,37,10627
418,object_detection,triton_g4dn_xlarge_3,10691,10,10712
419,speech_recognition,triton_g4dn_xlarge_3,10722,19,10751
417,image_classification,triton_t2_large_8,10676,77,10763
420,object_detection,triton_t2_large_8,10806,29,10846
421,question_answering,triton_g4dn_xlarge_3,10846,3,10860
423,question_answering,triton_g4dn_xlarge_3,10925,3,10939
407,speech_recognition,triton_t2_large_6,10374,564,10948
422,object_detection,triton_t2_large_8,10914,28,10953
409,speech_recognition,triton_t2_large_7,10388,565,10963
424,object_detection,triton_t2_large_7,11039,30,11080
427,image_classification,triton_g4dn_xlarge_3,11072,8,11090
425,image_classification,triton_t2_large_6,11051,72,11133
426,image_classification,triton_t2_large_8,11070,73,11154
428,image_classification,triton_t2_large_7,11090,66,11166
431,object_detection,triton_g4dn_xlarge_3,11163,9,11183
430,object_detection,triton_t2_large_8,11154,29,11194
434,object_detection,triton_g4dn_xlarge_3,11287,9,11306
435,question_answering,triton_g4dn_xlarge_3,11290,3,11314
437,speech_recognition,triton_g4dn_xlarge_3,11302,19,11343
436,question_answering,triton_g4dn_xlarge_3,11292,3,11349
438,question_answering,triton_g4dn_xlarge_3,11344,3,11358
440,object_detection,triton_g4dn_xlarge_3,11356,15,11383
439,image_classification,triton_g4dn_xlarge_3,11347,8,11397
441,object_detection,triton_g4dn_xlarge_3,11390,9,11410
442,question_answering,triton_g4dn_xlarge_3,11393,3,11418
443,question_answering,triton_g4dn_xlarge_3,11473,3,11487
444,object_detection,triton_g4dn_xlarge_3,11487,9,11506
445,question_answering,triton_g4dn_xlarge_3,11536,3,11550
446,object_detection,triton_g4dn_xlarge_3,11543,9,11563
447,object_detection,triton_g4dn_xlarge_3,11552,9,11582
448,question_answering,triton_g4dn_xlarge_3,11648,3,11662
450,image_classification,triton_g4dn_xlarge_3,11654,8,11673
451,question_answering,triton_g4dn_xlarge_3,11664,3,11677
449,speech_recognition,triton_g4dn_xlarge_3,11648,19,11699
429,speech_recognition,triton_t2_large_6,11132,562,11705
453,image_classification,triton_g4dn_xlarge_3,11722,13,11746
454,object_detection,triton_g4dn_xlarge_3,11728,10,11759
455,object_detection,triton_g4dn_xlarge_3,11753,9,11772
452,image_classification,triton_t2_large_6,11677,77,11786
432,speech_recognition,triton_t2_large_7,11243,568,11822
457,speech_recognition,triton_g4dn_xlarge_3,11831,19,11861
433,speech_recognition,triton_t2_large_8,11274,593,11878
456,image_classification,triton_t2_large_6,11802,66,11880
459,object_detection,triton_g4dn_xlarge_3,11860,13,11884
458,image_classification,triton_t2_large_7,11833,67,11910
460,question_answering,triton_t2_large_6,11891,30,11932
462,object_detection,triton_g4dn_xlarge_3,11912,9,11932
463,question_answering,triton_t2_large_7,11927,29,11967
461,image_classification,triton_t2_large_8,11895,69,11975
464,object_detection,triton_t2_large_6,11939,26,11976
465,speech_recognition,triton_g4dn_xlarge_3,11962,18,11991
466,object_detection,triton_t2_large_7,11965,31,12007
467,object_detection,triton_t2_large_6,11974,24,12009
469,speech_recognition,triton_g4dn_xlarge_3,12029,19,12059
468,image_classification,triton_t2_large_8,12014,69,12094
470,question_answering,triton_t2_large_7,12079,34,12124
471,image_classification,triton_t2_large_6,12084,67,12162
472,object_detection,triton_t2_large_8,12128,32,12170
473,question_answering,triton_g4dn_xlarge_3,12156,3,12170
477,question_answering,triton_g4dn_xlarge_3,12260,6,12277
475,image_classification,triton_t2_large_6,12209,67,12287
476,object_detection,triton_t2_large_8,12257,26,12294
480,speech_recognition,triton_g4dn_xlarge_3,12288,19,12318
481,speech_recognition,triton_g4dn_xlarge_3,12310,20,12341
478,image_classification,triton_t2_large_6,12284,67,12362
483,speech_recognition,triton_g4dn_xlarge_3,12323,22,12367
482,question_answering,triton_g4dn_xlarge_3,12316,3,12373
479,image_classification,triton_t2_large_8,12284,81,12376
486,speech_recognition,triton_g4dn_xlarge_3,12387,20,12417
487,image_classification,triton_g4dn_xlarge_3,12402,8,12432
484,image_classification,triton_t2_large_8,12334,74,12451
489,speech_recognition,triton_g4dn_xlarge_3,12454,21,12486
490,image_classification,triton_g4dn_xlarge_3,12498,8,12517
491,object_detection,triton_g4dn_xlarge_3,12511,10,12532
488,image_classification,triton_t2_large_8,12454,70,12535
493,question_answering,triton_g4dn_xlarge_3,12545,3,12559
495,question_answering,triton_g4dn_xlarge_3,12551,3,12564
492,object_detection,triton_t2_large_8,12539,26,12576
494,speech_recognition,triton_g4dn_xlarge_3,12546,19,12585
497,object_detection,triton_g4dn_xlarge_3,12615,9,12635
499,image_classification,triton_g4dn_xlarge_3,12626,7,12645
501,image_classification,triton_g4dn_xlarge_3,12635,7,12653
496,image_classification,triton_t2_large_8,12567,79,12657
500,speech_recognition,triton_g4dn_xlarge_3,12633,18,12673
503,image_classification,triton_g4dn_xlarge_3,12667,7,12685
498,object_detection,triton_g4dn_xlarge_3,12623,9,12698
506,question_answering,triton_g4dn_xlarge_3,12679,3,12704
502,question_answering,triton_t2_large_8,12647,52,12710
504,speech_recognition,triton_g4dn_xlarge_3,12674,19,12725
507,question_answering,triton_g4dn_xlarge_3,12726,3,12740
474,speech_recognition,triton_t2_large_7,12172,567,12749
509,object_detection,triton_g4dn_xlarge_3,12826,10,12848
510,speech_recognition,triton_g4dn_xlarge_3,12887,19,12917
485,speech_recognition,triton_t2_large_6,12341,567,12930
511,speech_recognition,triton_g4dn_xlarge_3,12902,20,12944
513,image_classification,triton_g4dn_xlarge_3,12957,11,12979
514,image_classification,triton_g4dn_xlarge_3,12961,8,12990
515,speech_recognition,triton_g4dn_xlarge_3,12967,19,13019
516,image_classification,triton_g4dn_xlarge_3,12995,8,13035
512,image_classification,triton_t2_large_6,12955,72,13038
518,question_answering,triton_g4dn_xlarge_3,13063,3,13078
519,image_classification,triton_g4dn_xlarge_3,13082,7,13100
520,speech_recognition,triton_g4dn_xlarge_3,13091,18,13121
521,object_detection,triton_g4dn_xlarge_3,13116,9,13136
522,question_answering,triton_g4dn_xlarge_3,13149,3,13164
523,object_detection,triton_g4dn_xlarge_3,13152,9,13183
524,object_detection,triton_g4dn_xlarge_3,13152,9,13193
525,question_answering,triton_g4dn_xlarge_3,13206,3,13220
526,question_answering,triton_g4dn_xlarge_3,13278,3,13293
505,speech_recognition,triton_t2_large_8,12674,601,13318
508,speech_recognition,triton_t2_large_7,12816,559,13386
528,object_detection,triton_g4dn_xlarge_3,13387,10,13408
530,object_detection,triton_g4dn_xlarge_3,13425,11,13447
532,question_answering,triton_g4dn_xlarge_3,13437,3,13451
533,object_detection,triton_g4dn_xlarge_3,13449,9,13470
531,object_detection,triton_g4dn_xlarge_3,13428,8,13480
534,object_detection,triton_g4dn_xlarge_3,13509,9,13529
535,speech_recognition,triton_g4dn_xlarge_3,13539,19,13569
538,image_classification,triton_g4dn_xlarge_3,13552,8,13582
536,object_detection,triton_g4dn_xlarge_3,13545,12,13599
537,object_detection,triton_g4dn_xlarge_3,13547,9,13609
517,speech_recognition,triton_t2_large_6,13044,558,13613
539,question_answering,triton_t2_large_6,13570,45,13660
540,speech_recognition,triton_g4dn_xlarge_3,13638,19,13668
542,object_detection,triton_g4dn_xlarge_3,13762,9,13782
544,object_detection,triton_g4dn_xlarge_3,13778,9,13798
543,question_answering,triton_g4dn_xlarge_3,13769,3,13805
545,question_answering,triton_g4dn_xlarge_3,13855,3,13869
546,question_answering,triton_g4dn_xlarge_3,13883,3,13897
547,speech_recognition,triton_g4dn_xlarge_3,13928,19,13958
527,speech_recognition,triton_t2_large_8,13375,590,13976
548,object_detection,triton_g4dn_xlarge_3,13934,11,13979
529,speech_recognition,triton_t2_large_7,13412,563,13986
550,speech_recognition,triton_g4dn_xlarge_3,13976,18,14005
552,speech_recognition,triton_g4dn_xlarge_3,14010,19,14041
553,question_answering,triton_g4dn_xlarge_3,14034,3,14048
554,image_classification,triton_g4dn_xlarge_3,14043,8,14062
555,speech_recognition,triton_g4dn_xlarge_3,14060,19,14091
556,question_answering,triton_g4dn_xlarge_3,14082,3,14097
557,question_answering,triton_g4dn_xlarge_3,14116,3,14131
558,question_answering,triton_g4dn_xlarge_3,14132,3,14146
559,speech_recognition,triton_g4dn_xlarge_3,14140,19,14170
560,question_answering,triton_g4dn_xlarge_3,14159,3,14183
561,speech_recognition,triton_g4dn_xlarge_3,14194,19,14225
562,speech_recognition,triton_g4dn_xlarge_3,14200,19,14250
563,speech_recognition,triton_g4dn_xlarge_3,14221,20,14273
541,speech_recognition,triton_t2_large_6,13727,560,14298
565,speech_recognition,triton_g4dn_xlarge_3,14268,23,14302
566,speech_recognition,triton_g4dn_xlarge_3,14357,19,14387
567,object_detection,triton_g4dn_xlarge_3,14361,9,14403
568,question_answering,triton_g4dn_xlarge_3,14384,3,14409
569,question_answering,triton_g4dn_xlarge_3,14400,3,14414
570,question_answering,triton_g4dn_xlarge_3,14405,3,14419
571,question_answering,triton_g4dn_xlarge_3,14412,3,14426
572,question_answering,triton_g4dn_xlarge_3,14420,3,14435
573,object_detection,triton_g4dn_xlarge_3,14502,9,14523
574,question_answering,triton_g4dn_xlarge_3,14529,3,14545
575,image_classification,triton_g4dn_xlarge_3,14541,7,14560
549,speech_recognition,triton_t2_large_8,13934,586,14564
551,speech_recognition,triton_t2_large_7,13997,558,14567
576,image_classification,triton_g4dn_xlarge_3,14553,7,14572
577,object_detection,triton_t2_large_7,14595,27,14634
579,image_classification,triton_g4dn_xlarge_3,14662,8,14681
581,question_answering,triton_g4dn_xlarge_3,14693,3,14708
578,question_answering,triton_t2_large_8,14656,41,14709
583,question_answering,triton_g4dn_xlarge_3,14706,3,14721
580,question_answering,triton_t2_large_7,14686,30,14727
584,question_answering,triton_g4dn_xlarge_3,14715,3,14730
586,image_classification,triton_g4dn_xlarge_3,14755,12,14778
587,question_answering,triton_g4dn_xlarge_3,14779,3,14794
585,image_classification,triton_t2_large_7,14736,66,14815
589,object_detection,triton_g4dn_xlarge_3,14831,10,14852
564,speech_recognition,triton_t2_large_6,14260,556,14858
588,object_detection,triton_t2_large_7,14824,25,14860
590,speech_recognition,triton_g4dn_xlarge_3,14832,19,14873
591,question_answering,triton_t2_large_7,14950,34,14996
593,question_answering,triton_g4dn_xlarge_3,14998,3,15012
595,image_classification,triton_g4dn_xlarge_3,15069,14,15094
596,speech_recognition,triton_g4dn_xlarge_3,15090,19,15120
594,image_classification,triton_t2_large_7,15041,75,15127
598,question_answering,triton_g4dn_xlarge_3,15138,3,15152
597,object_detection,triton_t2_large_7,15125,27,15164
599,question_answering,triton_t2_large_7,15171,29,15213
582,speech_recognition,triton_t2_large_8,14705,592,15308
601,speech_recognition,triton_g4dn_xlarge_3,15322,18,15352
602,object_detection,triton_t2_large_7,15331,25,15369
603,question_answering,triton_g4dn_xlarge_3,15364,3,15379
605,object_detection,triton_g4dn_xlarge_3,15374,14,15400
604,object_detection,triton_t2_large_7,15369,24,15405
606,object_detection,triton_t2_large_7,15396,27,15435
607,question_answering,triton_g4dn_xlarge_3,15455,3,15470
608,object_detection,triton_t2_large_7,15498,25,15535
609,speech_recognition,triton_g4dn_xlarge_3,15533,19,15563
592,speech_recognition,triton_t2_large_6,14991,561,15563
610,question_answering,triton_t2_large_7,15544,37,15592
612,speech_recognition,triton_g4dn_xlarge_3,15579,20,15611
613,object_detection,triton_t2_large_7,15584,29,15624
614,question_answering,triton_g4dn_xlarge_3,15640,3,15655
615,question_answering,triton_t2_large_7,15678,34,15724
616,object_detection,triton_g4dn_xlarge_3,15706,9,15727
617,question_answering,triton_t2_large_7,15717,30,15758
618,image_classification,triton_g4dn_xlarge_3,15753,7,15772
620,image_classification,triton_g4dn_xlarge_3,15841,8,15860
621,object_detection,triton_g4dn_xlarge_3,15842,9,15874
622,image_classification,triton_g4dn_xlarge_3,15861,7,15891
600,speech_recognition,triton_t2_large_8,15309,591,15912
623,question_answering,triton_g4dn_xlarge_3,15898,3,15913
624,question_answering,triton_g4dn_xlarge_3,15900,3,15925
626,question_answering,triton_g4dn_xlarge_3,15920,3,15935
627,image_classification,triton_g4dn_xlarge_3,15931,7,15951
628,speech_recognition,triton_g4dn_xlarge_3,15946,19,15976
629,question_answering,triton_g4dn_xlarge_3,15948,3,15984
625,image_classification,triton_t2_large_8,15910,73,15995
630,speech_recognition,triton_g4dn_xlarge_3,15950,19,16013
631,image_classification,triton_t2_large_8,15984,70,16066
632,speech_recognition,triton_g4dn_xlarge_3,16062,19,16093
634,object_detection,triton_g4dn_xlarge_3,16072,9,16103
636,speech_recognition,triton_g4dn_xlarge_3,16093,19,16124
611,speech_recognition,triton_t2_large_6,15549,556,16128
635,image_classification,triton_g4dn_xlarge_3,16074,11,16138
638,object_detection,triton_g4dn_xlarge_3,16189,9,16210
639,image_classification,triton_g4dn_xlarge_3,16200,7,16220
640,object_detection,triton_g4dn_xlarge_3,16246,9,16267
641,speech_recognition,triton_g4dn_xlarge_3,16257,18,16287
642,image_classification,triton_g4dn_xlarge_3,16267,8,16298
643,image_classification,triton_g4dn_xlarge_3,16304,8,16323
644,object_detection,triton_g4dn_xlarge_3,16314,9,16335
645,object_detection,triton_g4dn_xlarge_3,16324,9,16345
619,speech_recognition,triton_t2_large_7,15784,561,16357
646,speech_recognition,triton_g4dn_xlarge_3,16330,19,16372
648,speech_recognition,triton_g4dn_xlarge_3,16383,20,16414
647,object_detection,triton_t2_large_7,16368,38,16418
651,speech_recognition,triton_g4dn_xlarge_3,16398,22,16442
650,question_answering,triton_t2_large_7,16397,37,16456
652,speech_recognition,triton_g4dn_xlarge_3,16399,22,16466
655,speech_recognition,triton_g4dn_xlarge_3,16446,22,16490
656,image_classification,triton_g4dn_xlarge_3,16448,8,16498
657,speech_recognition,triton_g4dn_xlarge_3,16492,21,16526
653,speech_recognition,triton_g4dn_xlarge_3,16400,21,16550
649,image_classification,triton_g4dn_xlarge_3,16390,8,16558
659,question_answering,triton_g4dn_xlarge_3,16529,4,16565
661,image_classification,triton_g4dn_xlarge_3,16555,8,16575
658,image_classification,triton_g4dn_xlarge_3,16493,12,16591
660,image_classification,triton_g4dn_xlarge_3,16532,7,16604
662,image_classification,triton_g4dn_xlarge_3,16615,7,16634
633,speech_recognition,triton_t2_large_8,16064,588,16664
663,speech_recognition,triton_g4dn_xlarge_3,16634,18,16664
637,speech_recognition,triton_t2_large_6,16110,555,16688
664,image_classification,triton_t2_large_6,16683,74,16770
666,object_detection,triton_g4dn_xlarge_3,16756,10,16778
665,question_answering,triton_t2_large_8,16755,36,16804
668,object_detection,triton_t2_large_8,16869,34,16915
669,image_classification,triton_g4dn_xlarge_3,16912,8,16933
670,object_detection,triton_t2_large_8,16930,31,16974
671,speech_recognition,triton_g4dn_xlarge_3,16956,18,16986
654,speech_recognition,triton_t2_large_7,16423,571,17028
672,question_answering,triton_t2_large_8,16993,41,17047
673,image_classification,triton_g4dn_xlarge_3,17043,8,17063
674,question_answering,triton_t2_large_7,17099,30,17141
675,object_detection,triton_t2_large_8,17120,25,17158
676,question_answering,triton_g4dn_xlarge_3,17149,4,17165
679,image_classification,triton_g4dn_xlarge_3,17190,7,17209
678,object_detection,triton_t2_large_8,17177,25,17214
681,question_answering,triton_g4dn_xlarge_3,17205,3,17220
682,speech_recognition,triton_g4dn_xlarge_3,17213,18,17244
683,image_classification,triton_g4dn_xlarge_3,17237,8,17256
684,object_detection,triton_g4dn_xlarge_3,17254,9,17276
685,image_classification,triton_g4dn_xlarge_3,17279,7,17298
686,question_answering,triton_g4dn_xlarge_3,17297,3,17313
687,question_answering,triton_g4dn_xlarge_3,17330,3,17345
667,speech_recognition,triton_t2_large_6,16806,558,17376
689,question_answering,triton_g4dn_xlarge_3,17380,3,17395
690,question_answering,triton_g4dn_xlarge_3,17385,3,17401
692,question_answering,triton_g4dn_xlarge_3,17396,3,17411
688,object_detection,triton_t2_large_6,17374,29,17415
693,object_detection,triton_g4dn_xlarge_3,17443,9,17466
695,question_answering,triton_g4dn_xlarge_3,17456,3,17471
691,image_classification,triton_t2_large_6,17386,71,17490
694,speech_recognition,triton_g4dn_xlarge_3,17451,18,17491
697,image_classification,triton_g4dn_xlarge_3,17510,7,17529
698,image_classification,triton_g4dn_xlarge_3,17522,7,17542
699,image_classification,triton_g4dn_xlarge_3,17536,7,17555
700,image_classification,triton_g4dn_xlarge_3,17597,8,17617
701,speech_recognition,triton_g4dn_xlarge_3,17612,18,17642
702,image_classification,triton_g4dn_xlarge_3,17614,12,17659
703,object_detection,triton_g4dn_xlarge_3,17669,10,17691
704,object_detection,triton_g4dn_xlarge_3,17688,9,17710
705,question_answering,triton_g4dn_xlarge_3,17690,3,17715
677,speech_recognition,triton_t2_large_7,17156,565,17733
706,question_answering,triton_t2_large_7,17726,42,17780
707,question_answering,triton_g4dn_xlarge_3,17768,3,17783
680,speech_recognition,triton_t2_large_8,17202,597,17811
708,object_detection,triton_t2_large_7,17843,26,17881
710,speech_recognition,triton_g4dn_xlarge_3,17880,19,17911
709,object_detection,triton_t2_large_8,17878,27,17918
713,image_classification,triton_g4dn_xlarge_3,17940,7,17959
714,object_detection,triton_g4dn_xlarge_3,18007,9,18029
715,object_detection,triton_g4dn_xlarge_3,18030,15,18057
696,speech_recognition,triton_t2_large_6,17476,560,18059
717,object_detection,triton_g4dn_xlarge_3,18085,9,18106
716,question_answering,triton_t2_large_6,18067,29,18109
719,image_classification,triton_g4dn_xlarge_3,18122,7,18141
720,question_answering,triton_g4dn_xlarge_3,18145,3,18160
721,question_answering,triton_g4dn_xlarge_3,18155,3,18171
722,object_detection,triton_g4dn_xlarge_3,18167,9,18187
723,image_classification,triton_g4dn_xlarge_3,18196,7,18216
724,object_detection,triton_g4dn_xlarge_3,18212,8,18233
725,image_classification,triton_g4dn_xlarge_3,18220,7,18250
727,object_detection,triton_g4dn_xlarge_3,18242,9,18263
728,speech_recognition,triton_g4dn_xlarge_3,18242,18,18283
726,image_classification,triton_g4dn_xlarge_3,18235,8,18297
729,speech_recognition,triton_g4dn_xlarge_3,18288,20,18320
730,speech_recognition,triton_g4dn_xlarge_3,18305,20,18348
731,object_detection,triton_g4dn_xlarge_3,18322,12,18367
732,speech_recognition,triton_g4dn_xlarge_3,18347,20,18390
733,speech_recognition,triton_g4dn_xlarge_3,18393,21,18426
734,question_answering,triton_g4dn_xlarge_3,18404,3,18430
711,speech_recognition,triton_t2_large_7,17893,565,18469
736,question_answering,triton_g4dn_xlarge_3,18502,3,18518
737,question_answering,triton_g4dn_xlarge_3,18505,3,18531
712,speech_recognition,triton_t2_large_8,17935,589,18536
735,question_answering,triton_t2_large_7,18499,30,18541
740,object_detection,triton_g4dn_xlarge_3,18522,10,18544
739,object_detection,triton_g4dn_xlarge_3,18519,9,18561
741,object_detection,triton_t2_large_7,18559,34,18605
742,image_classification,triton_g4dn_xlarge_3,18621,7,18641
718,speech_recognition,triton_t2_large_6,18092,562,18676
744,speech_recognition,triton_g4dn_xlarge_3,18656,19,18687
746,question_answering,triton_g4dn_xlarge_3,18713,3,18729
745,object_detection,triton_t2_large_6,18697,26,18735
748,question_answering,triton_g4dn_xlarge_3,18802,3,18818
747,image_classification,triton_t2_large_6,18744,85,18842
749,speech_recognition,triton_g4dn_xlarge_3,18811,19,18842
751,question_answering,triton_g4dn_xlarge_3,18855,3,18871
750,question_answering,triton_t2_large_6,18829,36,18889
752,speech_recognition,triton_g4dn_xlarge_3,18863,19,18894
753,question_answering,triton_t2_large_6,18868,29,18921
754,question_answering,triton_g4dn_xlarge_3,18905,3,18921
756,object_detection,triton_g4dn_xlarge_3,18919,9,18941
757,image_classification,triton_g4dn_xlarge_3,18941,7,18962
758,speech_recognition,triton_g4dn_xlarge_3,18958,18,18989
759,question_answering,triton_g4dn_xlarge_3,18971,3,18997
760,image_classification,triton_g4dn_xlarge_3,18990,8,19010
761,image_classification,triton_g4dn_xlarge_3,19019,7,19039
762,image_classification,triton_g4dn_xlarge_3,19054,7,19074
763,question_answering,triton_g4dn_xlarge_3,19115,3,19130
738,speech_recognition,triton_t2_large_8,18517,591,19131
764,object_detection,triton_g4dn_xlarge_3,19117,15,19156
765,question_answering,triton_t2_large_8,19121,49,19183
767,speech_recognition,triton_g4dn_xlarge_3,19195,18,19226
743,speech_recognition,triton_t2_large_7,18655,560,19228
769,object_detection,triton_g4dn_xlarge_3,19244,9,19265
768,question_answering,triton_t2_large_7,19238,31,19281
770,image_classification,triton_g4dn_xlarge_3,19249,13,19286
771,object_detection,triton_t2_large_7,19279,30,19321
772,speech_recognition,triton_g4dn_xlarge_3,19313,19,19344
775,object_detection,triton_g4dn_xlarge_3,19326,9,19359
774,object_detection,triton_g4dn_xlarge_3,19318,9,19371
776,question_answering,triton_g4dn_xlarge_3,19330,3,19379
777,object_detection,triton_g4dn_xlarge_3,19355,9,19398
773,image_classification,triton_t2_large_7,19313,74,19400
779,image_classification,triton_g4dn_xlarge_3,19421,7,19441
778,object_detection,triton_t2_large_7,19418,26,19456
780,object_detection,triton_g4dn_xlarge_3,19441,10,19464
755,speech_recognition,triton_t2_large_6,18911,568,19491
783,image_classification,triton_g4dn_xlarge_3,19585,8,19605
784,question_answering,triton_g4dn_xlarge_3,19614,3,19631
786,image_classification,triton_g4dn_xlarge_3,19623,8,19644
785,image_classification,triton_g4dn_xlarge_3,19614,7,19656
787,speech_recognition,triton_g4dn_xlarge_3,19628,19,19681
788,object_detection,triton_g4dn_xlarge_3,19671,12,19696
789,speech_recognition,triton_g4dn_xlarge_3,19698,20,19731
790,object_detection,triton_g4dn_xlarge_3,19707,10,19750
791,speech_recognition,triton_g4dn_xlarge_3,19740,19,19771
793,speech_recognition,triton_g4dn_xlarge_3,19753,20,19796
766,speech_recognition,triton_t2_large_8,19189,596,19798
794,image_classification,triton_g4dn_xlarge_3,19755,12,19811
795,question_answering,triton_g4dn_xlarge_3,19810,3,19826
792,question_answering,triton_t2_large_8,19742,51,19850
797,question_answering,triton_g4dn_xlarge_3,19860,3,19876
796,question_answering,triton_t2_large_8,19850,34,19898
798,object_detection,triton_g4dn_xlarge_3,19875,10,19898
800,question_answering,triton_g4dn_xlarge_3,19924,3,19940
799,question_answering,triton_t2_large_8,19912,34,19960
801,question_answering,triton_t2_large_8,19956,35,20005
802,question_answering,triton_g4dn_xlarge_3,20076,3,20092
781,speech_recognition,triton_t2_large_7,19524,560,20097
782,speech_recognition,triton_t2_large_6,19546,560,20119
803,image_classification,triton_t2_large_8,20080,69,20163
804,speech_recognition,triton_g4dn_xlarge_3,20148,19,20180
808,question_answering,triton_g4dn_xlarge_3,20240,4,20256
809,speech_recognition,triton_g4dn_xlarge_3,20253,18,20285
811,object_detection,triton_g4dn_xlarge_3,20275,10,20298
810,speech_recognition,triton_g4dn_xlarge_3,20266,20,20321
812,object_detection,triton_g4dn_xlarge_3,20277,13,20335
813,speech_recognition,triton_g4dn_xlarge_3,20284,19,20359
814,question_answering,triton_g4dn_xlarge_3,20374,3,20390
815,question_answering,triton_g4dn_xlarge_3,20381,3,20397
816,image_classification,triton_g4dn_xlarge_3,20388,7,20409
817,speech_recognition,triton_g4dn_xlarge_3,20392,19,20435
820,object_detection,triton_g4dn_xlarge_3,20425,9,20447
818,question_answering,triton_g4dn_xlarge_3,20416,3,20453
819,object_detection,triton_g4dn_xlarge_3,20422,9,20465
821,image_classification,triton_g4dn_xlarge_3,20455,8,20476
822,image_classification,triton_g4dn_xlarge_3,20555,7,20576
823,question_answering,triton_g4dn_xlarge_3,20555,3,20582
824,question_answering,triton_g4dn_xlarge_3,20569,3,20595
825,speech_recognition,triton_g4dn_xlarge_3,20592,18,20624
826,speech_recognition,triton_g4dn_xlarge_3,20678,18,20711
827,image_classification,triton_g4dn_xlarge_3,20687,8,20729
805,speech_recognition,triton_t2_large_7,20174,562,20749
828,object_detection,triton_g4dn_xlarge_3,20730,10,20752
806,speech_recognition,triton_t2_large_6,20227,565,20806
829,object_detection,triton_t2_large_7,20775,26,20814
807,speech_recognition,triton_t2_large_8,20239,595,20847
832,question_answering,triton_g4dn_xlarge_3,20873,3,20889
831,object_detection,triton_t2_large_8,20865,27,20905
835,image_classification,triton_g4dn_xlarge_3,20938,8,20959
836,object_detection,triton_g4dn_xlarge_3,20965,9,20987
833,image_classification,triton_t2_large_7,20920,66,20999
837,speech_recognition,triton_g4dn_xlarge_3,20975,19,21007
840,object_detection,triton_g4dn_xlarge_3,20985,9,21018
838,question_answering,triton_g4dn_xlarge_3,20975,3,21022
839,question_answering,triton_g4dn_xlarge_3,20976,3,21034
842,question_answering,triton_g4dn_xlarge_3,21027,3,21043
843,image_classification,triton_g4dn_xlarge_3,21044,7,21065
841,image_classification,triton_t2_large_7,20990,66,21068
844,object_detection,triton_t2_large_7,21068,28,21108
845,object_detection,triton_g4dn_xlarge_3,21084,10,21108
847,image_classification,triton_g4dn_xlarge_3,21163,7,21184
848,question_answering,triton_g4dn_xlarge_3,21166,3,21193
849,object_detection,triton_g4dn_xlarge_3,21185,13,21211
850,speech_recognition,triton_g4dn_xlarge_3,21204,18,21235
852,object_detection,triton_g4dn_xlarge_3,21214,9,21246
853,image_classification,triton_g4dn_xlarge_3,21218,8,21260
851,speech_recognition,triton_g4dn_xlarge_3,21208,19,21282
854,speech_recognition,triton_g4dn_xlarge_3,21277,21,21311
855,speech_recognition,triton_g4dn_xlarge_3,21332,19,21364
856,object_detection,triton_g4dn_xlarge_3,21341,9,21384
830,speech_recognition,triton_t2_large_6,20821,560,21395
857,image_classification,triton_t2_large_6,21413,66,21492
834,speech_recognition,triton_t2_large_8,20930,586,21531
858,object_detection,triton_g4dn_xlarge_3,21510,10,21533
861,speech_recognition,triton_g4dn_xlarge_3,21638,19,21670
846,speech_recognition,triton_t2_large_7,21087,567,21678
859,image_classification,triton_t2_large_6,21601,71,21685
862,image_classification,triton_g4dn_xlarge_3,21644,8,21685
860,image_classification,triton_t2_large_8,21608,89,21710
863,question_answering,triton_t2_large_7,21689,30,21733
864,object_detection,triton_t2_large_6,21718,33,21764
866,question_answering,triton_g4dn_xlarge_3,21800,3,21816
867,object_detection,triton_t2_large_7,21815,26,21854
868,question_answering,triton_t2_large_6,21825,37,21876
869,object_detection,triton_g4dn_xlarge_3,21885,9,21907
870,question_answering,triton_t2_large_7,21899,36,21948
872,question_answering,triton_g4dn_xlarge_3,21959,3,21975
874,question_answering,triton_g4dn_xlarge_3,21967,3,21984
871,question_answering,triton_t2_large_6,21950,33,21996
873,question_answering,triton_t2_large_7,21964,30,22007
877,image_classification,triton_g4dn_xlarge_3,22037,7,22057
875,object_detection,triton_t2_large_7,22030,32,22076
876,image_classification,triton_t2_large_6,22033,72,22118
880,speech_recognition,triton_g4dn_xlarge_3,22155,18,22187
878,image_classification,triton_t2_large_7,22105,70,22188
879,object_detection,triton_t2_large_6,22150,24,22188
881,question_answering,triton_t2_large_7,22189,33,22235
882,question_answering,triton_t2_large_6,22193,37,22243
883,question_answering,triton_g4dn_xlarge_3,22235,3,22252
885,question_answering,triton_t2_large_6,22266,30,22310
886,speech_recognition,triton_g4dn_xlarge_3,22280,19,22313
865,speech_recognition,triton_t2_large_8,21726,589,22328
888,speech_recognition,triton_g4dn_xlarge_3,22293,20,22337
887,question_answering,triton_t2_large_6,22291,30,22346
889,object_detection,triton_t2_large_8,22306,36,22366
890,image_classification,triton_g4dn_xlarge_3,22409,8,22430
892,question_answering,triton_t2_large_8,22486,35,22534
893,question_answering,triton_g4dn_xlarge_3,22521,3,22537
895,question_answering,triton_g4dn_xlarge_3,22569,3,22586
894,question_answering,triton_t2_large_8,22548,34,22596
896,image_classification,triton_g4dn_xlarge_3,22576,8,22596
897,object_detection,triton_t2_large_8,22579,32,22635
898,speech_recognition,triton_g4dn_xlarge_3,22609,18,22642
900,speech_recognition,triton_g4dn_xlarge_3,22682,19,22714
899,image_classification,triton_t2_large_8,22610,73,22718
902,image_classification,triton_g4dn_xlarge_3,22758,8,22779
901,image_classification,triton_t2_large_8,22701,70,22794
903,speech_recognition,triton_g4dn_xlarge_3,22777,18,22809
884,speech_recognition,triton_t2_large_7,22235,563,22812
904,object_detection,triton_t2_large_7,22806,28,22848
906,speech_recognition,triton_g4dn_xlarge_3,22866,18,22898
905,image_classification,triton_t2_large_8,22847,76,22938
909,question_answering,triton_g4dn_xlarge_3,23025,3,23042
891,speech_recognition,triton_t2_large_6,22454,576,23043
908,question_answering,triton_t2_large_8,23015,41,23070
910,image_classification,triton_t2_large_6,23072,72,23158
912,question_answering,triton_g4dn_xlarge_3,23147,3,23164
913,image_classification,triton_t2_large_6,23152,67,23233
914,object_detection,triton_g4dn_xlarge_3,23219,17,23249
916,image_classification,triton_g4dn_xlarge_3,23259,8,23281
915,image_classification,triton_t2_large_6,23220,73,23306
917,image_classification,triton_g4dn_xlarge_3,23289,7,23310
918,object_detection,triton_t2_large_6,23313,26,23352
919,image_classification,triton_g4dn_xlarge_3,23367,8,23389
921,image_classification,triton_g4dn_xlarge_3,23376,8,23397
920,question_answering,triton_t2_large_6,23373,30,23416
922,speech_recognition,triton_g4dn_xlarge_3,23388,19,23420
924,question_answering,triton_g4dn_xlarge_3,23477,3,23493
925,image_classification,triton_g4dn_xlarge_3,23477,8,23509
926,object_detection,triton_g4dn_xlarge_3,23478,9,23522
927,object_detection,triton_g4dn_xlarge_3,23520,10,23543
928,speech_recognition,triton_g4dn_xlarge_3,23527,19,23570
907,speech_recognition,triton_t2_large_7,22997,566,23577
929,question_answering,triton_t2_large_7,23604,31,23649
930,speech_recognition,triton_g4dn_xlarge_3,23617,19,23649
932,question_answering,triton_g4dn_xlarge_3,23664,3,23681
933,question_answering,triton_g4dn_xlarge_3,23673,3,23690
911,speech_recognition,triton_t2_large_8,23120,589,23723
931,image_classification,triton_t2_large_7,23636,77,23727
934,speech_recognition,triton_g4dn_xlarge_3,23698,19,23731
937,object_detection,triton_g4dn_xlarge_3,23707,10,23742
936,object_detection,triton_t2_large_8,23704,35,23763
938,speech_recognition,triton_g4dn_xlarge_3,23722,19,23766
935,question_answering,triton_t2_large_7,23703,42,23770
939,object_detection,triton_t2_large_8,23744,26,23793
940,question_answering,triton_g4dn_xlarge_3,23823,3,23840
941,question_answering,triton_t2_large_7,23832,30,23876
943,question_answering,triton_g4dn_xlarge_3,23866,3,23883
944,object_detection,triton_t2_large_7,23872,30,23916
945,question_answering,triton_g4dn_xlarge_3,23932,3,23949
947,question_answering,triton_g4dn_xlarge_3,23968,3,23985
948,speech_recognition,triton_g4dn_xlarge_3,23986,19,24018
946,image_classification,triton_t2_large_7,23946,68,24027
949,object_detection,triton_g4dn_xlarge_3,24002,9,24035
923,speech_recognition,triton_t2_large_6,23474,573,24062
950,object_detection,triton_t2_large_7,24048,48,24110
952,object_detection,triton_g4dn_xlarge_3,24105,9,24129
951,image_classification,triton_t2_large_6,24061,68,24143
954,image_classification,triton_g4dn_xlarge_3,24128,7,24149
956,object_detection,triton_g4dn_xlarge_3,24234,11,24259
957,question_answering,triton_g4dn_xlarge_3,24243,3,24271
955,image_classification,triton_t2_large_6,24194,73,24282
958,object_detection,triton_g4dn_xlarge_3,24257,9,24289
960,question_answering,triton_g4dn_xlarge_3,24279,3,24295
959,question_answering,triton_t2_large_6,24275,41,24330
962,speech_recognition,triton_g4dn_xlarge_3,24344,18,24376
963,object_detection,triton_g4dn_xlarge_3,24384,9,24407
964,object_detection,triton_g4dn_xlarge_3,24395,9,24417
965,speech_recognition,triton_g4dn_xlarge_3,24405,18,24437
942,speech_recognition,triton_t2_large_8,23838,592,24444
967,object_detection,triton_g4dn_xlarge_3,24442,15,24471
966,object_detection,triton_t2_large_8,24421,38,24484
968,question_answering,triton_t2_large_8,24491,35,24540
969,image_classification,triton_g4dn_xlarge_3,24535,8,24557
971,image_classification,triton_g4dn_xlarge_3,24558,7,24580
972,object_detection,triton_g4dn_xlarge_3,24596,13,24623
974,image_classification,triton_g4dn_xlarge_3,24611,7,24632
973,object_detection,triton_g4dn_xlarge_3,24597,14,24656
975,object_detection,triton_g4dn_xlarge_3,24644,8,24666
953,speech_recognition,triton_t2_large_7,24116,566,24696
977,speech_recognition,triton_g4dn_xlarge_3,24762,19,24795
961,speech_recognition,triton_t2_large_6,24336,558,24908
979,speech_recognition,triton_g4dn_xlarge_3,24958,19,24991
980,speech_recognition,triton_g4dn_xlarge_3,25007,19,25040
981,image_classification,triton_g4dn_xlarge_3,25069,8,25091
982,image_classification,triton_g4dn_xlarge_3,25072,7,25104
983,speech_recognition,triton_g4dn_xlarge_3,25090,18,25132
970,speech_recognition,triton_t2_large_8,24556,590,25159
985,image_classification,triton_g4dn_xlarge_3,25195,7,25217
986,speech_recognition,triton_g4dn_xlarge_3,25225,19,25258
987,image_classification,triton_g4dn_xlarge_3,25234,8,25265
984,image_classification,triton_t2_large_8,25192,69,25275
989,image_classification,triton_g4dn_xlarge_3,25248,8,25280
990,image_classification,triton_g4dn_xlarge_3,25259,8,25291
976,speech_recognition,triton_t2_large_7,24719,559,25293
991,image_classification,triton_g4dn_xlarge_3,25278,7,25299
988,image_classification,triton_t2_large_8,25241,69,25345
992,image_classification,triton_t2_large_7,25377,71,25462
978,speech_recognition,triton_t2_large_6,24937,563,25514
993,image_classification,triton_t2_large_8,25434,74,25522
994,image_classification,triton_g4dn_xlarge_3,25612,8,25635
995,image_classification,triton_t2_large_7,25640,73,25728
996,image_classification,triton_t2_large_6,25661,71,25746
997,image_classification,triton_t2_large_8,25785,76,25875
998,image_classification,triton_g4dn_xlarge_3,25980,8,26003
999,image_classification,triton_t2_large_7,26062,74,26151
1000,image_classification,triton_t2_large_6,26184,71,26269
