task_id,task_type,assigned_machine,arrival_time,inference_time,completion_time
5,object_detection,triton_g4dn_xlarge_4,0,29,33
1,object_detection,triton_t2_large_7,0,35,39
4,object_detection,triton_g4dn_xlarge_3,0,35,39
6,object_detection,triton_g4dn_xlarge_1,0,42,47
2,object_detection,triton_t2_large_6,0,46,50
7,object_detection,triton_g4dn_xlarge_4,0,14,50
3,object_detection,triton_t2_large_8,0,49,53
133,object_detection,triton_g4dn_xlarge_3,0,32,71
132,object_detection,triton_t2_large_7,0,34,73
8,object_detection,triton_g4dn_xlarge_1,0,37,85
106,object_detection,triton_g4dn_xlarge_4,0,36,86
95,object_detection,triton_g4dn_xlarge_3,0,20,91
105,object_detection,triton_t2_large_6,0,43,93
191,object_detection,triton_g4dn_xlarge_4,0,13,99
169,object_detection,triton_g4dn_xlarge_1,0,22,107
134,object_detection,triton_t2_large_7,0,35,108
48,object_detection,triton_g4dn_xlarge_3,0,19,110
9,object_detection,triton_t2_large_8,0,56,114
10,object_detection,triton_g4dn_xlarge_4,0,26,127
107,object_detection,triton_t2_large_6,0,44,137
11,object_detection,triton_g4dn_xlarge_3,0,31,143
135,object_detection,triton_g4dn_xlarge_4,0,20,147
182,object_detection,triton_g4dn_xlarge_1,0,41,148
219,object_detection,triton_t2_large_7,0,40,150
12,object_detection,triton_g4dn_xlarge_3,0,20,165
136,object_detection,triton_t2_large_6,0,30,168
123,object_detection,triton_t2_large_8,0,54,168
104,object_detection,triton_g4dn_xlarge_4,0,24,171
137,object_detection,triton_g4dn_xlarge_1,0,31,179
183,object_detection,triton_t2_large_7,0,35,185
13,object_detection,triton_g4dn_xlarge_3,0,26,192
184,object_detection,triton_g4dn_xlarge_4,0,44,215
40,object_detection,triton_t2_large_6,0,48,216
62,object_detection,triton_g4dn_xlarge_1,0,37,216
138,object_detection,triton_g4dn_xlarge_3,0,30,223
192,object_detection,triton_g4dn_xlarge_1,0,21,238
190,object_detection,triton_g4dn_xlarge_4,0,23,239
220,object_detection,triton_t2_large_7,0,56,243
41,object_detection,triton_t2_large_8,0,75,243
139,object_detection,triton_g4dn_xlarge_3,0,18,243
194,object_detection,triton_g4dn_xlarge_1,0,12,252
198,object_detection,triton_g4dn_xlarge_4,0,18,258
193,object_detection,triton_t2_large_6,0,43,259
44,object_detection,triton_g4dn_xlarge_3,0,21,264
242,object_detection,triton_g4dn_xlarge_1,0,20,272
42,object_detection,triton_t2_large_7,0,34,277
45,object_detection,triton_g4dn_xlarge_3,0,26,290
43,object_detection,triton_t2_large_8,0,50,293
196,object_detection,triton_g4dn_xlarge_4,0,32,293
197,object_detection,triton_g4dn_xlarge_1,0,24,295
195,object_detection,triton_t2_large_6,0,52,313
141,object_detection,triton_g4dn_xlarge_3,0,24,315
140,object_detection,triton_t2_large_7,0,35,315
241,object_detection,triton_g4dn_xlarge_1,0,25,321
199,object_detection,triton_g4dn_xlarge_4,0,29,322
200,object_detection,triton_t2_large_8,0,49,342
203,object_detection,triton_g4dn_xlarge_3,0,27,345
166,object_detection,triton_t2_large_6,0,32,346
143,object_detection,triton_g4dn_xlarge_1,0,24,348
142,object_detection,triton_g4dn_xlarge_4,0,26,350
204,object_detection,triton_t2_large_7,0,46,364
145,object_detection,triton_g4dn_xlarge_3,0,26,372
181,object_detection,triton_g4dn_xlarge_1,0,27,375
205,object_detection,triton_g4dn_xlarge_4,0,30,382
164,object_detection,triton_t2_large_6,0,45,392
206,object_detection,triton_g4dn_xlarge_3,0,20,393
144,object_detection,triton_t2_large_8,0,49,394
147,object_detection,triton_g4dn_xlarge_1,0,22,401
146,object_detection,triton_t2_large_7,0,35,402
207,object_detection,triton_g4dn_xlarge_4,0,19,403
179,object_detection,triton_g4dn_xlarge_1,0,25,427
210,object_detection,triton_g4dn_xlarge_3,0,34,429
208,object_detection,triton_t2_large_6,0,36,430
212,object_detection,triton_g4dn_xlarge_4,0,33,439
211,object_detection,triton_t2_large_7,0,43,449
209,object_detection,triton_t2_large_8,0,55,450
234,object_detection,triton_g4dn_xlarge_3,0,29,459
213,object_detection,triton_g4dn_xlarge_1,0,31,460
235,object_detection,triton_g4dn_xlarge_4,0,21,461
47,object_detection,triton_t2_large_6,0,45,476
218,object_detection,triton_g4dn_xlarge_1,0,20,482
216,object_detection,triton_g4dn_xlarge_3,0,24,485
214,object_detection,triton_t2_large_7,0,36,486
217,object_detection,triton_g4dn_xlarge_4,0,27,489
215,object_detection,triton_t2_large_8,0,45,495
221,object_detection,triton_g4dn_xlarge_1,0,29,512
238,object_detection,triton_g4dn_xlarge_3,0,28,513
222,object_detection,triton_g4dn_xlarge_4,0,21,515
180,object_detection,triton_t2_large_6,0,41,518
34,object_detection,triton_t2_large_7,0,48,534
223,object_detection,triton_g4dn_xlarge_3,0,20,535
224,object_detection,triton_g4dn_xlarge_4,0,22,537
225,object_detection,triton_g4dn_xlarge_1,0,24,539
239,object_detection,triton_t2_large_8,0,56,553
240,object_detection,triton_t2_large_6,0,38,556
226,object_detection,triton_g4dn_xlarge_3,0,25,562
237,object_detection,triton_g4dn_xlarge_4,0,24,563
35,object_detection,triton_g4dn_xlarge_1,0,26,568
227,object_detection,triton_t2_large_7,0,41,578
229,object_detection,triton_g4dn_xlarge_1,0,18,587
37,object_detection,triton_g4dn_xlarge_4,0,33,595
36,object_detection,triton_g4dn_xlarge_3,0,33,596
231,object_detection,triton_g4dn_xlarge_1,0,12,603
61,object_detection,triton_t2_large_8,0,52,605
228,object_detection,triton_t2_large_6,0,47,605
230,object_detection,triton_t2_large_7,0,41,621
63,object_detection,triton_g4dn_xlarge_3,0,25,621
64,object_detection,triton_g4dn_xlarge_4,0,35,631
243,object_detection,triton_g4dn_xlarge_1,0,28,631
232,object_detection,triton_g4dn_xlarge_3,0,26,649
244,object_detection,triton_g4dn_xlarge_1,0,19,654
236,object_detection,triton_g4dn_xlarge_4,0,20,654
38,object_detection,triton_t2_large_6,0,47,654
39,object_detection,triton_t2_large_8,0,52,658
46,object_detection,triton_g4dn_xlarge_3,0,13,662
233,object_detection,triton_t2_large_7,0,42,665
246,object_detection,triton_g4dn_xlarge_1,0,36,692
245,object_detection,triton_g4dn_xlarge_4,0,38,693
70,object_detection,triton_g4dn_xlarge_3,0,32,695
247,object_detection,triton_t2_large_6,0,52,707
76,object_detection,triton_g4dn_xlarge_3,0,14,709
50,object_detection,triton_g4dn_xlarge_1,0,19,712
65,object_detection,triton_g4dn_xlarge_4,0,20,714
248,object_detection,triton_t2_large_7,0,47,714
49,object_detection,triton_t2_large_8,0,58,718
249,object_detection,triton_g4dn_xlarge_3,0,22,731
52,object_detection,triton_g4dn_xlarge_1,0,30,746
152,object_detection,triton_t2_large_6,0,38,746
51,object_detection,triton_g4dn_xlarge_4,0,41,756
54,object_detection,triton_g4dn_xlarge_3,0,21,758
53,object_detection,triton_t2_large_7,0,45,760
55,object_detection,triton_g4dn_xlarge_1,0,23,771
120,object_detection,triton_t2_large_8,0,65,783
57,object_detection,triton_g4dn_xlarge_3,0,31,790
56,object_detection,triton_t2_large_6,0,44,792
67,object_detection,triton_g4dn_xlarge_1,0,24,795
58,object_detection,triton_g4dn_xlarge_4,0,41,800
66,object_detection,triton_t2_large_7,0,45,805
60,object_detection,triton_g4dn_xlarge_3,0,31,821
71,object_detection,triton_g4dn_xlarge_1,0,29,832
69,object_detection,triton_g4dn_xlarge_4,0,30,833
59,object_detection,triton_t2_large_8,0,48,838
68,object_detection,triton_t2_large_6,0,48,841
72,object_detection,triton_g4dn_xlarge_3,0,18,842
102,object_detection,triton_t2_large_7,0,47,852
74,object_detection,triton_g4dn_xlarge_1,0,19,853
73,object_detection,triton_g4dn_xlarge_4,0,44,879
78,object_detection,triton_g4dn_xlarge_1,0,30,887
75,object_detection,triton_g4dn_xlarge_3,0,41,887
77,object_detection,triton_t2_large_6,0,44,890
101,object_detection,triton_g4dn_xlarge_4,0,21,900
103,object_detection,triton_t2_large_8,0,64,902
79,object_detection,triton_t2_large_7,0,46,903
80,object_detection,triton_g4dn_xlarge_1,0,21,909
81,object_detection,triton_g4dn_xlarge_3,0,29,917
82,object_detection,triton_g4dn_xlarge_1,0,27,936
108,object_detection,triton_t2_large_6,0,45,936
110,object_detection,triton_g4dn_xlarge_4,0,38,940
83,object_detection,triton_g4dn_xlarge_3,0,24,944
168,object_detection,triton_t2_large_7,0,43,947
170,object_detection,triton_g4dn_xlarge_1,0,22,958
109,object_detection,triton_t2_large_8,0,65,967
84,object_detection,triton_g4dn_xlarge_4,0,39,981
27,object_detection,triton_g4dn_xlarge_1,0,27,984
111,object_detection,triton_g4dn_xlarge_3,0,42,987
172,object_detection,triton_t2_large_7,0,43,989
171,object_detection,triton_t2_large_6,0,61,997
86,object_detection,triton_g4dn_xlarge_1,0,22,1007
173,object_detection,triton_t2_large_8,0,44,1012
85,object_detection,triton_g4dn_xlarge_4,0,32,1016
112,object_detection,triton_g4dn_xlarge_3,0,38,1026
174,object_detection,triton_t2_large_7,0,42,1031
92,object_detection,triton_g4dn_xlarge_1,0,27,1035
113,object_detection,triton_t2_large_6,0,48,1047
87,object_detection,triton_g4dn_xlarge_4,0,38,1054
88,object_detection,triton_g4dn_xlarge_3,0,31,1059
31,object_detection,triton_t2_large_8,0,47,1059
89,object_detection,triton_g4dn_xlarge_1,0,24,1063
175,object_detection,triton_t2_large_7,0,45,1077
90,object_detection,triton_t2_large_6,0,32,1082
176,object_detection,triton_g4dn_xlarge_1,0,26,1089
93,object_detection,triton_g4dn_xlarge_3,0,36,1096
94,object_detection,triton_g4dn_xlarge_4,0,42,1102
98,object_detection,triton_g4dn_xlarge_1,0,26,1118
96,object_detection,triton_t2_large_7,0,39,1121
91,object_detection,triton_t2_large_8,0,62,1122
29,object_detection,triton_g4dn_xlarge_3,0,24,1122
99,object_detection,triton_g4dn_xlarge_4,0,23,1125
30,object_detection,triton_g4dn_xlarge_1,0,13,1131
97,object_detection,triton_t2_large_6,0,52,1134
100,object_detection,triton_t2_large_7,0,31,1156
117,object_detection,triton_g4dn_xlarge_1,0,24,1163
115,object_detection,triton_g4dn_xlarge_3,0,36,1164
116,object_detection,triton_g4dn_xlarge_4,0,39,1167
114,object_detection,triton_t2_large_8,0,62,1190
124,object_detection,triton_g4dn_xlarge_1,0,20,1192
118,object_detection,triton_t2_large_6,0,55,1194
121,object_detection,triton_g4dn_xlarge_3,0,23,1195
122,object_detection,triton_g4dn_xlarge_4,0,24,1196
119,object_detection,triton_t2_large_7,0,39,1201
126,object_detection,triton_g4dn_xlarge_1,0,17,1210
178,object_detection,triton_g4dn_xlarge_3,0,40,1236
129,object_detection,triton_g4dn_xlarge_1,0,26,1240
127,object_detection,triton_g4dn_xlarge_4,0,37,1241
159,object_detection,triton_g4dn_xlarge_3,0,11,1247
125,object_detection,triton_t2_large_8,0,57,1251
177,object_detection,triton_t2_large_6,0,55,1251
128,object_detection,triton_t2_large_7,0,55,1259
131,object_detection,triton_g4dn_xlarge_1,0,20,1267
130,object_detection,triton_g4dn_xlarge_4,0,23,1269
185,object_detection,triton_g4dn_xlarge_3,0,29,1278
150,object_detection,triton_g4dn_xlarge_1,0,26,1294
186,object_detection,triton_t2_large_7,0,44,1304
151,object_detection,triton_g4dn_xlarge_3,0,27,1305
187,object_detection,triton_g4dn_xlarge_4,0,34,1306
153,object_detection,triton_g4dn_xlarge_1,0,14,1313
148,object_detection,triton_t2_large_6,0,57,1314
149,object_detection,triton_t2_large_8,0,73,1330
155,object_detection,triton_g4dn_xlarge_3,0,25,1336
188,object_detection,triton_g4dn_xlarge_1,0,26,1341
156,object_detection,triton_g4dn_xlarge_4,0,30,1341
154,object_detection,triton_t2_large_7,0,36,1347
160,object_detection,triton_g4dn_xlarge_1,0,21,1365
189,object_detection,triton_t2_large_6,0,57,1372
201,object_detection,triton_g4dn_xlarge_3,0,37,1374
158,object_detection,triton_g4dn_xlarge_4,0,37,1380
162,object_detection,triton_g4dn_xlarge_1,0,18,1383
157,object_detection,triton_t2_large_8,0,51,1384
161,object_detection,triton_t2_large_7,0,39,1393
165,object_detection,triton_g4dn_xlarge_3,0,25,1401
202,object_detection,triton_g4dn_xlarge_1,0,21,1410
163,object_detection,triton_t2_large_6,0,36,1412
167,object_detection,triton_g4dn_xlarge_4,0,35,1421
16,object_detection,triton_g4dn_xlarge_1,0,25,1436
15,object_detection,triton_g4dn_xlarge_3,0,27,1437
14,object_detection,triton_t2_large_7,0,38,1438
18,object_detection,triton_g4dn_xlarge_4,0,18,1450
250,object_detection,triton_t2_large_8,0,68,1457
19,object_detection,triton_g4dn_xlarge_1,0,20,1463
17,object_detection,triton_t2_large_6,0,43,1465
21,object_detection,triton_g4dn_xlarge_3,0,28,1471
22,object_detection,triton_g4dn_xlarge_4,0,29,1482
20,object_detection,triton_t2_large_7,0,42,1485
23,object_detection,triton_g4dn_xlarge_1,0,24,1489
25,object_detection,triton_g4dn_xlarge_3,0,31,1507
24,object_detection,triton_t2_large_8,0,47,1511
28,object_detection,triton_g4dn_xlarge_4,0,29,1516
33,object_detection,triton_g4dn_xlarge_1,0,19,1518
32,object_detection,triton_t2_large_7,0,41,1528
26,object_detection,triton_t2_large_6,0,54,1530
254,question_answering,triton_g4dn_xlarge_3,0,7,1541
255,question_answering,triton_g4dn_xlarge_4,0,7,1541
256,question_answering,triton_g4dn_xlarge_1,0,7,1542
259,question_answering,triton_g4dn_xlarge_1,0,4,1549
258,question_answering,triton_g4dn_xlarge_4,0,4,1549
257,question_answering,triton_g4dn_xlarge_3,0,4,1549
260,question_answering,triton_g4dn_xlarge_3,0,4,1560
261,question_answering,triton_g4dn_xlarge_4,0,4,1560
262,question_answering,triton_g4dn_xlarge_1,0,4,1560
263,question_answering,triton_g4dn_xlarge_3,0,4,1571
264,question_answering,triton_g4dn_xlarge_4,0,4,1571
265,question_answering,triton_g4dn_xlarge_1,0,3,1571
253,question_answering,triton_t2_large_8,0,38,1572
252,question_answering,triton_t2_large_6,0,42,1576
251,question_answering,triton_t2_large_7,0,43,1577
269,question_answering,triton_g4dn_xlarge_3,0,4,1582
271,question_answering,triton_g4dn_xlarge_1,0,4,1583
270,question_answering,triton_g4dn_xlarge_4,0,4,1583
272,question_answering,triton_g4dn_xlarge_3,0,3,1593
273,question_answering,triton_g4dn_xlarge_4,0,4,1594
274,question_answering,triton_g4dn_xlarge_1,0,3,1594
275,question_answering,triton_g4dn_xlarge_3,0,3,1604
276,question_answering,triton_g4dn_xlarge_4,0,4,1605
277,question_answering,triton_g4dn_xlarge_1,0,3,1605
267,question_answering,triton_t2_large_6,0,30,1609
266,question_answering,triton_t2_large_7,0,36,1614
268,question_answering,triton_t2_large_8,0,35,1614
279,question_answering,triton_g4dn_xlarge_3,0,4,1616
280,question_answering,triton_g4dn_xlarge_4,0,4,1616
281,question_answering,triton_g4dn_xlarge_1,0,4,1616
283,question_answering,triton_g4dn_xlarge_4,0,4,1627
284,question_answering,triton_g4dn_xlarge_1,0,3,1627
282,question_answering,triton_g4dn_xlarge_3,0,3,1627
285,question_answering,triton_g4dn_xlarge_3,0,3,1638
286,question_answering,triton_g4dn_xlarge_4,0,4,1638
287,question_answering,triton_g4dn_xlarge_1,0,3,1638
278,question_answering,triton_t2_large_6,0,35,1647
355,question_answering,triton_t2_large_7,0,35,1649
288,question_answering,triton_g4dn_xlarge_3,0,3,1649
289,question_answering,triton_g4dn_xlarge_4,0,4,1649
290,question_answering,triton_g4dn_xlarge_1,0,3,1649
356,question_answering,triton_t2_large_8,0,35,1649
292,question_answering,triton_g4dn_xlarge_3,0,4,1660
293,question_answering,triton_g4dn_xlarge_4,0,4,1660
294,question_answering,triton_g4dn_xlarge_1,0,4,1660
298,question_answering,triton_g4dn_xlarge_1,0,3,1671
297,question_answering,triton_g4dn_xlarge_4,0,3,1671
296,question_answering,triton_g4dn_xlarge_3,0,3,1671
361,question_answering,triton_t2_large_6,0,30,1677
300,question_answering,triton_g4dn_xlarge_3,0,3,1682
301,question_answering,triton_g4dn_xlarge_4,0,3,1682
302,question_answering,triton_g4dn_xlarge_1,0,3,1682
295,question_answering,triton_t2_large_7,0,36,1692
291,question_answering,triton_t2_large_8,0,36,1692
303,question_answering,triton_g4dn_xlarge_3,0,3,1693
304,question_answering,triton_g4dn_xlarge_4,0,3,1693
305,question_answering,triton_g4dn_xlarge_1,0,3,1693
308,question_answering,triton_g4dn_xlarge_3,0,3,1704
309,question_answering,triton_g4dn_xlarge_4,0,3,1704
310,question_answering,triton_g4dn_xlarge_1,0,3,1704
299,question_answering,triton_t2_large_6,0,30,1709
314,question_answering,triton_g4dn_xlarge_1,0,3,1715
312,question_answering,triton_g4dn_xlarge_3,0,3,1715
313,question_answering,triton_g4dn_xlarge_4,0,4,1716
315,question_answering,triton_g4dn_xlarge_3,0,3,1726
316,question_answering,triton_g4dn_xlarge_4,0,3,1726
317,question_answering,triton_g4dn_xlarge_1,0,3,1726
306,question_answering,triton_t2_large_7,0,35,1735
307,question_answering,triton_t2_large_8,0,36,1737
318,question_answering,triton_g4dn_xlarge_3,0,4,1737
319,question_answering,triton_g4dn_xlarge_4,0,4,1737
320,question_answering,triton_g4dn_xlarge_1,0,4,1737
311,question_answering,triton_t2_large_6,0,30,1742
321,question_answering,triton_g4dn_xlarge_3,0,4,1748
322,question_answering,triton_g4dn_xlarge_4,0,4,1748
323,question_answering,triton_g4dn_xlarge_1,0,4,1748
325,question_answering,triton_g4dn_xlarge_3,0,4,1759
326,question_answering,triton_g4dn_xlarge_4,0,4,1759
327,question_answering,triton_g4dn_xlarge_1,0,4,1759
328,question_answering,triton_g4dn_xlarge_3,0,4,1770
329,question_answering,triton_g4dn_xlarge_4,0,4,1770
330,question_answering,triton_g4dn_xlarge_1,0,4,1770
398,question_answering,triton_t2_large_7,0,35,1770
499,question_answering,triton_t2_large_8,0,34,1771
324,question_answering,triton_t2_large_6,0,30,1774
334,question_answering,triton_g4dn_xlarge_3,0,4,1781
335,question_answering,triton_g4dn_xlarge_4,0,4,1782
336,question_answering,triton_g4dn_xlarge_1,0,4,1782
338,question_answering,triton_g4dn_xlarge_4,0,3,1792
339,question_answering,triton_g4dn_xlarge_1,0,3,1792
337,question_answering,triton_g4dn_xlarge_3,0,3,1792
340,question_answering,triton_g4dn_xlarge_3,0,3,1803
341,question_answering,triton_g4dn_xlarge_4,0,3,1803
342,question_answering,triton_g4dn_xlarge_1,0,3,1803
332,question_answering,triton_t2_large_6,0,30,1808
331,question_answering,triton_t2_large_7,0,36,1813
344,question_answering,triton_g4dn_xlarge_3,0,4,1815
345,question_answering,triton_g4dn_xlarge_4,0,4,1815
346,question_answering,triton_g4dn_xlarge_1,0,4,1815
333,question_answering,triton_t2_large_8,0,43,1821
349,question_answering,triton_g4dn_xlarge_3,0,4,1826
350,question_answering,triton_g4dn_xlarge_4,0,4,1826
351,question_answering,triton_g4dn_xlarge_1,0,4,1826
354,question_answering,triton_g4dn_xlarge_1,0,3,1837
352,question_answering,triton_g4dn_xlarge_3,0,3,1837
353,question_answering,triton_g4dn_xlarge_4,0,4,1838
343,question_answering,triton_t2_large_6,0,31,1842
358,question_answering,triton_g4dn_xlarge_3,0,4,1849
359,question_answering,triton_g4dn_xlarge_4,0,4,1849
360,question_answering,triton_g4dn_xlarge_1,0,4,1849
347,question_answering,triton_t2_large_7,0,35,1857
348,question_answering,triton_t2_large_8,0,36,1859
362,question_answering,triton_g4dn_xlarge_3,0,3,1860
363,question_answering,triton_g4dn_xlarge_4,0,4,1860
364,question_answering,triton_g4dn_xlarge_1,0,3,1860
365,question_answering,triton_g4dn_xlarge_3,0,3,1871
366,question_answering,triton_g4dn_xlarge_4,0,4,1871
367,question_answering,triton_g4dn_xlarge_1,0,3,1871
357,question_answering,triton_t2_large_6,0,31,1876
371,question_answering,triton_g4dn_xlarge_1,0,4,1883
370,question_answering,triton_g4dn_xlarge_4,0,4,1883
369,question_answering,triton_g4dn_xlarge_3,0,4,1883
414,question_answering,triton_t2_large_7,0,35,1893
482,question_answering,triton_t2_large_8,0,34,1893
372,question_answering,triton_g4dn_xlarge_3,0,4,1894
373,question_answering,triton_g4dn_xlarge_4,0,4,1895
374,question_answering,triton_g4dn_xlarge_1,0,4,1895
377,question_answering,triton_g4dn_xlarge_3,0,4,1906
378,question_answering,triton_g4dn_xlarge_4,0,4,1906
379,question_answering,triton_g4dn_xlarge_1,0,4,1906
368,question_answering,triton_t2_large_6,0,30,1910
381,question_answering,triton_g4dn_xlarge_3,0,4,1917
382,question_answering,triton_g4dn_xlarge_4,0,4,1917
383,question_answering,triton_g4dn_xlarge_1,0,4,1917
384,question_answering,triton_g4dn_xlarge_3,0,4,1928
385,question_answering,triton_g4dn_xlarge_4,0,4,1928
386,question_answering,triton_g4dn_xlarge_1,0,4,1928
376,question_answering,triton_t2_large_8,0,35,1937
375,question_answering,triton_t2_large_7,0,35,1937
389,question_answering,triton_g4dn_xlarge_1,0,3,1939
388,question_answering,triton_g4dn_xlarge_4,0,4,1939
387,question_answering,triton_g4dn_xlarge_3,0,3,1939
380,question_answering,triton_t2_large_6,0,30,1943
393,question_answering,triton_g4dn_xlarge_3,0,4,1951
394,question_answering,triton_g4dn_xlarge_4,0,4,1951
395,question_answering,triton_g4dn_xlarge_1,0,4,1951
396,question_answering,triton_g4dn_xlarge_3,0,4,1962
397,question_answering,triton_g4dn_xlarge_4,0,4,1962
399,question_answering,triton_g4dn_xlarge_1,0,4,1962
400,question_answering,triton_g4dn_xlarge_3,0,3,1973
401,question_answering,triton_g4dn_xlarge_4,0,3,1973
402,question_answering,triton_g4dn_xlarge_1,0,3,1973
391,question_answering,triton_t2_large_6,0,31,1977
392,question_answering,triton_t2_large_8,0,36,1983
390,question_answering,triton_t2_large_7,0,36,1983
404,question_answering,triton_g4dn_xlarge_3,0,4,1984
405,question_answering,triton_g4dn_xlarge_4,0,4,1985
406,question_answering,triton_g4dn_xlarge_1,0,4,1985
409,question_answering,triton_g4dn_xlarge_3,0,3,1996
410,question_answering,triton_g4dn_xlarge_4,0,4,1996
411,question_answering,triton_g4dn_xlarge_1,0,3,1996
412,question_answering,triton_g4dn_xlarge_3,0,3,2006
415,question_answering,triton_g4dn_xlarge_1,0,3,2006
413,question_answering,triton_g4dn_xlarge_4,0,3,2007
403,question_answering,triton_t2_large_6,0,30,2011
417,question_answering,triton_g4dn_xlarge_3,0,3,2017
419,question_answering,triton_g4dn_xlarge_1,0,3,2017
418,question_answering,triton_g4dn_xlarge_4,0,3,2018
407,question_answering,triton_t2_large_7,0,34,2026
408,question_answering,triton_t2_large_8,0,34,2027
421,question_answering,triton_g4dn_xlarge_4,0,3,2028
422,question_answering,triton_g4dn_xlarge_1,0,3,2028
420,question_answering,triton_g4dn_xlarge_3,0,3,2028
425,question_answering,triton_g4dn_xlarge_3,0,3,2039
427,question_answering,triton_g4dn_xlarge_1,0,3,2039
426,question_answering,triton_g4dn_xlarge_4,0,4,2039
416,question_answering,triton_t2_large_6,0,30,2044
429,question_answering,triton_g4dn_xlarge_3,0,3,2049
430,question_answering,triton_g4dn_xlarge_4,0,3,2050
431,question_answering,triton_g4dn_xlarge_1,0,3,2050
432,question_answering,triton_g4dn_xlarge_3,0,3,2060
433,question_answering,triton_g4dn_xlarge_4,0,3,2060
434,question_answering,triton_g4dn_xlarge_1,0,3,2060
423,question_answering,triton_t2_large_7,0,34,2069
424,question_answering,triton_t2_large_8,0,34,2070
435,question_answering,triton_g4dn_xlarge_3,0,3,2071
436,question_answering,triton_g4dn_xlarge_4,0,3,2071
437,question_answering,triton_g4dn_xlarge_1,0,3,2071
428,question_answering,triton_t2_large_6,0,30,2076
441,question_answering,triton_g4dn_xlarge_3,0,3,2082
442,question_answering,triton_g4dn_xlarge_4,0,3,2082
443,question_answering,triton_g4dn_xlarge_1,0,3,2082
444,question_answering,triton_g4dn_xlarge_3,0,3,2093
445,question_answering,triton_g4dn_xlarge_4,0,3,2093
446,question_answering,triton_g4dn_xlarge_1,0,3,2093
447,question_answering,triton_g4dn_xlarge_3,0,3,2104
448,question_answering,triton_g4dn_xlarge_4,0,3,2104
449,question_answering,triton_g4dn_xlarge_1,0,3,2104
439,question_answering,triton_t2_large_6,0,30,2108
438,question_answering,triton_t2_large_7,0,35,2113
451,question_answering,triton_g4dn_xlarge_3,0,3,2114
440,question_answering,triton_t2_large_8,0,35,2114
452,question_answering,triton_g4dn_xlarge_4,0,3,2115
453,question_answering,triton_g4dn_xlarge_1,0,3,2115
456,question_answering,triton_g4dn_xlarge_3,0,3,2125
457,question_answering,triton_g4dn_xlarge_4,0,3,2126
458,question_answering,triton_g4dn_xlarge_1,0,3,2126
459,question_answering,triton_g4dn_xlarge_3,0,3,2137
460,question_answering,triton_g4dn_xlarge_4,0,4,2137
461,question_answering,triton_g4dn_xlarge_1,0,3,2137
450,question_answering,triton_t2_large_6,0,30,2141
463,question_answering,triton_g4dn_xlarge_3,0,3,2148
465,question_answering,triton_g4dn_xlarge_1,0,3,2148
464,question_answering,triton_g4dn_xlarge_4,0,3,2148
454,question_answering,triton_t2_large_7,0,34,2156
455,question_answering,triton_t2_large_8,0,34,2156
466,question_answering,triton_g4dn_xlarge_3,0,3,2158
467,question_answering,triton_g4dn_xlarge_4,0,3,2159
468,question_answering,triton_g4dn_xlarge_1,0,3,2159
473,question_answering,triton_g4dn_xlarge_1,0,4,2170
471,question_answering,triton_g4dn_xlarge_3,0,3,2170
472,question_answering,triton_g4dn_xlarge_4,0,4,2170
462,question_answering,triton_t2_large_6,0,30,2174
475,question_answering,triton_g4dn_xlarge_3,0,3,2181
476,question_answering,triton_g4dn_xlarge_4,0,4,2181
477,question_answering,triton_g4dn_xlarge_1,0,3,2181
478,question_answering,triton_g4dn_xlarge_3,0,3,2192
479,question_answering,triton_g4dn_xlarge_4,0,3,2192
480,question_answering,triton_g4dn_xlarge_1,0,3,2192
469,question_answering,triton_t2_large_7,0,34,2200
470,question_answering,triton_t2_large_8,0,35,2201
481,question_answering,triton_g4dn_xlarge_3,0,3,2202
483,question_answering,triton_g4dn_xlarge_4,0,3,2203
484,question_answering,triton_g4dn_xlarge_1,0,3,2203
474,question_answering,triton_t2_large_6,0,30,2208
488,question_answering,triton_g4dn_xlarge_3,0,4,2214
489,question_answering,triton_g4dn_xlarge_4,0,4,2214
490,question_answering,triton_g4dn_xlarge_1,0,4,2214
491,question_answering,triton_g4dn_xlarge_3,0,3,2225
492,question_answering,triton_g4dn_xlarge_4,0,3,2225
493,question_answering,triton_g4dn_xlarge_1,0,3,2225
494,question_answering,triton_g4dn_xlarge_3,0,3,2235
495,question_answering,triton_g4dn_xlarge_4,0,3,2236
496,question_answering,triton_g4dn_xlarge_1,0,3,2236
486,question_answering,triton_t2_large_6,0,30,2240
485,question_answering,triton_t2_large_7,0,34,2244
487,question_answering,triton_t2_large_8,0,35,2245
500,question_answering,triton_g4dn_xlarge_4,0,3,2247
498,question_answering,triton_g4dn_xlarge_3,0,3,2247
497,question_answering,triton_t2_large_6,0,30,2273
505,image_classification,triton_g4dn_xlarge_4,0,21,2299
504,image_classification,triton_g4dn_xlarge_3,0,25,2304
506,image_classification,triton_g4dn_xlarge_1,0,25,2304
507,image_classification,triton_g4dn_xlarge_4,0,9,2310
510,image_classification,triton_g4dn_xlarge_4,0,14,2326
508,image_classification,triton_g4dn_xlarge_1,0,14,2326
509,image_classification,triton_g4dn_xlarge_3,0,19,2331
513,image_classification,triton_g4dn_xlarge_4,0,11,2345
511,image_classification,triton_g4dn_xlarge_1,0,12,2345
512,image_classification,triton_g4dn_xlarge_3,0,12,2346
502,image_classification,triton_t2_large_6,0,77,2354
597,image_classification,triton_g4dn_xlarge_3,0,11,2357
598,image_classification,triton_g4dn_xlarge_4,0,11,2357
503,image_classification,triton_t2_large_8,0,79,2357
596,image_classification,triton_g4dn_xlarge_1,0,11,2357
501,image_classification,triton_t2_large_7,0,84,2362
602,image_classification,triton_g4dn_xlarge_4,0,16,2375
601,image_classification,triton_g4dn_xlarge_3,0,21,2379
603,image_classification,triton_g4dn_xlarge_1,0,21,2380
515,image_classification,triton_g4dn_xlarge_4,0,10,2388
605,image_classification,triton_g4dn_xlarge_3,0,10,2391
604,image_classification,triton_g4dn_xlarge_1,0,12,2393
516,image_classification,triton_g4dn_xlarge_4,0,8,2398
606,image_classification,triton_g4dn_xlarge_3,0,10,2401
699,image_classification,triton_g4dn_xlarge_1,0,9,2405
517,image_classification,triton_g4dn_xlarge_4,0,10,2410
587,image_classification,triton_g4dn_xlarge_3,0,11,2413
700,image_classification,triton_g4dn_xlarge_1,0,11,2417
518,image_classification,triton_g4dn_xlarge_4,0,11,2422
514,image_classification,triton_t2_large_6,0,68,2424
607,image_classification,triton_g4dn_xlarge_3,0,12,2426
540,image_classification,triton_g4dn_xlarge_4,0,12,2434
600,image_classification,triton_t2_large_8,0,76,2435
739,image_classification,triton_t2_large_7,0,80,2442
519,image_classification,triton_g4dn_xlarge_1,0,20,2442
701,image_classification,triton_g4dn_xlarge_3,0,20,2447
609,image_classification,triton_g4dn_xlarge_4,0,13,2449
702,image_classification,triton_g4dn_xlarge_4,0,28,2478
655,image_classification,triton_g4dn_xlarge_3,0,36,2483
520,image_classification,triton_g4dn_xlarge_1,0,40,2484
611,image_classification,triton_g4dn_xlarge_4,0,8,2488
523,image_classification,triton_g4dn_xlarge_3,0,9,2495
522,image_classification,triton_g4dn_xlarge_1,0,10,2496
612,image_classification,triton_g4dn_xlarge_4,0,8,2498
525,image_classification,triton_g4dn_xlarge_3,0,9,2505
524,image_classification,triton_g4dn_xlarge_1,0,10,2506
613,image_classification,triton_g4dn_xlarge_4,0,8,2510
610,image_classification,triton_t2_large_8,0,75,2511
608,image_classification,triton_t2_large_6,0,89,2514
527,image_classification,triton_g4dn_xlarge_3,0,9,2516
526,image_classification,triton_g4dn_xlarge_1,0,10,2517
614,image_classification,triton_g4dn_xlarge_4,0,9,2521
521,image_classification,triton_t2_large_7,0,78,2522
528,image_classification,triton_g4dn_xlarge_3,0,30,2548
616,image_classification,triton_g4dn_xlarge_4,0,26,2549
529,image_classification,triton_g4dn_xlarge_1,0,31,2549
531,image_classification,triton_g4dn_xlarge_3,0,8,2557
532,image_classification,triton_g4dn_xlarge_4,0,9,2559
533,image_classification,triton_g4dn_xlarge_1,0,10,2561
535,image_classification,triton_g4dn_xlarge_4,0,10,2571
536,image_classification,triton_g4dn_xlarge_1,0,12,2574
534,image_classification,triton_g4dn_xlarge_3,0,12,2574
537,image_classification,triton_g4dn_xlarge_4,0,8,2581
615,image_classification,triton_t2_large_8,0,70,2583
619,image_classification,triton_g4dn_xlarge_3,0,9,2585
618,image_classification,triton_g4dn_xlarge_1,0,9,2586
538,image_classification,triton_g4dn_xlarge_4,0,9,2593
620,image_classification,triton_g4dn_xlarge_3,0,11,2597
621,image_classification,triton_g4dn_xlarge_1,0,13,2600
541,image_classification,triton_g4dn_xlarge_4,0,8,2603
530,image_classification,triton_t2_large_6,0,89,2607
645,image_classification,triton_g4dn_xlarge_3,0,11,2610
617,image_classification,triton_t2_large_7,0,88,2611
720,image_classification,triton_g4dn_xlarge_1,0,12,2612
542,image_classification,triton_g4dn_xlarge_4,0,12,2617
714,image_classification,triton_g4dn_xlarge_3,0,21,2631
623,image_classification,triton_g4dn_xlarge_4,0,15,2634
543,image_classification,triton_g4dn_xlarge_1,0,20,2636
698,image_classification,triton_g4dn_xlarge_3,0,9,2640
544,image_classification,triton_g4dn_xlarge_4,0,9,2646
545,image_classification,triton_g4dn_xlarge_1,0,15,2652
624,image_classification,triton_g4dn_xlarge_3,0,12,2653
539,image_classification,triton_t2_large_8,0,71,2655
546,image_classification,triton_g4dn_xlarge_4,0,9,2657
722,image_classification,triton_g4dn_xlarge_3,0,11,2666
721,image_classification,triton_g4dn_xlarge_1,0,11,2666
547,image_classification,triton_g4dn_xlarge_4,0,15,2674
549,image_classification,triton_g4dn_xlarge_3,0,10,2681
550,image_classification,triton_g4dn_xlarge_1,0,12,2683
622,image_classification,triton_t2_large_6,0,77,2685
723,image_classification,triton_g4dn_xlarge_4,0,11,2687
551,image_classification,triton_g4dn_xlarge_3,0,9,2690
748,image_classification,triton_t2_large_7,0,85,2696
625,image_classification,triton_g4dn_xlarge_1,0,14,2698
552,image_classification,triton_g4dn_xlarge_3,0,18,2711
553,image_classification,triton_g4dn_xlarge_4,0,19,2712
554,image_classification,triton_g4dn_xlarge_1,0,12,2715
555,image_classification,triton_g4dn_xlarge_3,0,10,2724
556,image_classification,triton_g4dn_xlarge_4,0,11,2725
626,image_classification,triton_g4dn_xlarge_1,0,12,2729
548,image_classification,triton_t2_large_8,0,75,2734
557,image_classification,triton_g4dn_xlarge_3,0,11,2736
578,image_classification,triton_g4dn_xlarge_4,0,12,2737
558,image_classification,triton_g4dn_xlarge_1,0,15,2751
579,image_classification,triton_g4dn_xlarge_3,0,14,2751
627,image_classification,triton_g4dn_xlarge_4,0,15,2753
706,image_classification,triton_t2_large_6,0,73,2758
560,image_classification,triton_g4dn_xlarge_1,0,11,2768
561,image_classification,triton_g4dn_xlarge_3,0,12,2768
562,image_classification,triton_g4dn_xlarge_4,0,13,2770
724,image_classification,triton_t2_large_7,0,74,2771
580,image_classification,triton_g4dn_xlarge_3,0,10,2778
581,image_classification,triton_g4dn_xlarge_1,0,13,2782
629,image_classification,triton_g4dn_xlarge_4,0,17,2788
582,image_classification,triton_g4dn_xlarge_3,0,13,2792
634,image_classification,triton_g4dn_xlarge_1,0,12,2795
563,image_classification,triton_g4dn_xlarge_4,0,11,2800
635,image_classification,triton_g4dn_xlarge_3,0,9,2803
559,image_classification,triton_t2_large_8,0,71,2806
564,image_classification,triton_g4dn_xlarge_1,0,12,2811
583,image_classification,triton_g4dn_xlarge_4,0,13,2813
636,image_classification,triton_g4dn_xlarge_3,0,11,2816
628,image_classification,triton_t2_large_6,0,68,2829
630,image_classification,triton_g4dn_xlarge_4,0,18,2831
711,image_classification,triton_g4dn_xlarge_3,0,18,2833
589,image_classification,triton_g4dn_xlarge_1,0,21,2833
566,image_classification,triton_g4dn_xlarge_4,0,10,2842
633,image_classification,triton_t2_large_7,0,75,2847
590,image_classification,triton_g4dn_xlarge_3,0,14,2848
591,image_classification,triton_g4dn_xlarge_1,0,18,2851
568,image_classification,triton_g4dn_xlarge_4,0,12,2854
740,image_classification,triton_g4dn_xlarge_3,0,11,2859
569,image_classification,triton_g4dn_xlarge_1,0,12,2865
592,image_classification,triton_g4dn_xlarge_4,0,14,2870
750,image_classification,triton_g4dn_xlarge_3,0,13,2872
593,image_classification,triton_g4dn_xlarge_1,0,12,2878
565,image_classification,triton_t2_large_8,0,71,2882
570,image_classification,triton_g4dn_xlarge_3,0,10,2885
571,image_classification,triton_g4dn_xlarge_4,0,13,2888
637,image_classification,triton_g4dn_xlarge_1,0,12,2891
573,image_classification,triton_g4dn_xlarge_3,0,16,2901
567,image_classification,triton_t2_large_6,0,72,2904
638,image_classification,triton_g4dn_xlarge_4,0,17,2907
574,image_classification,triton_g4dn_xlarge_1,0,13,2909
576,image_classification,triton_g4dn_xlarge_3,0,17,2923
585,image_classification,triton_g4dn_xlarge_4,0,19,2928
594,image_classification,triton_g4dn_xlarge_1,0,19,2928
707,image_classification,triton_t2_large_7,0,89,2936
577,image_classification,triton_g4dn_xlarge_3,0,8,2936
586,image_classification,triton_g4dn_xlarge_4,0,13,2942
588,image_classification,triton_g4dn_xlarge_1,0,14,2944
595,image_classification,triton_g4dn_xlarge_3,0,16,2957
677,image_classification,triton_g4dn_xlarge_4,0,16,2958
572,image_classification,triton_t2_large_8,0,74,2959
599,image_classification,triton_g4dn_xlarge_1,0,12,2964
632,image_classification,triton_g4dn_xlarge_3,0,17,2979
639,image_classification,triton_g4dn_xlarge_4,0,19,2982
658,image_classification,triton_g4dn_xlarge_1,0,18,2982
641,image_classification,triton_g4dn_xlarge_4,0,13,3000
640,image_classification,triton_g4dn_xlarge_3,0,13,3000
642,image_classification,triton_g4dn_xlarge_1,0,13,3000
575,image_classification,triton_t2_large_6,0,104,3010
584,image_classification,triton_t2_large_7,0,77,3015
644,image_classification,triton_g4dn_xlarge_4,0,13,3022
643,image_classification,triton_g4dn_xlarge_3,0,13,3023
646,image_classification,triton_g4dn_xlarge_1,0,13,3023
631,image_classification,triton_t2_large_8,0,72,3035
649,image_classification,triton_g4dn_xlarge_4,0,12,3043
650,image_classification,triton_g4dn_xlarge_1,0,12,3043
648,image_classification,triton_g4dn_xlarge_3,0,12,3043
675,image_classification,triton_g4dn_xlarge_3,0,13,3056
676,image_classification,triton_g4dn_xlarge_4,0,13,3056
678,image_classification,triton_g4dn_xlarge_1,0,14,3057
747,image_classification,triton_g4dn_xlarge_4,0,10,3066
746,image_classification,triton_g4dn_xlarge_3,0,11,3067
652,image_classification,triton_g4dn_xlarge_1,0,8,3072
716,image_classification,triton_g4dn_xlarge_4,0,11,3077
718,image_classification,triton_t2_large_6,0,72,3084
653,image_classification,triton_g4dn_xlarge_1,0,13,3087
654,image_classification,triton_g4dn_xlarge_3,0,14,3088
647,image_classification,triton_t2_large_7,0,69,3090
735,image_classification,triton_g4dn_xlarge_4,0,14,3091
651,image_classification,triton_t2_large_8,0,70,3112
657,image_classification,triton_g4dn_xlarge_3,0,19,3114
659,image_classification,triton_g4dn_xlarge_4,0,20,3115
660,image_classification,triton_g4dn_xlarge_1,0,20,3116
663,image_classification,triton_g4dn_xlarge_3,0,17,3134
664,image_classification,triton_g4dn_xlarge_4,0,17,3134
665,image_classification,triton_g4dn_xlarge_1,0,18,3135
666,image_classification,triton_g4dn_xlarge_3,0,11,3150
667,image_classification,triton_g4dn_xlarge_4,0,12,3151
668,image_classification,triton_g4dn_xlarge_1,0,12,3151
656,image_classification,triton_t2_large_6,0,68,3153
681,image_classification,triton_g4dn_xlarge_3,0,11,3162
717,image_classification,triton_g4dn_xlarge_1,0,13,3165
715,image_classification,triton_g4dn_xlarge_4,0,14,3165
661,image_classification,triton_t2_large_7,0,82,3178
719,image_classification,triton_g4dn_xlarge_3,0,16,3178
670,image_classification,triton_g4dn_xlarge_4,0,15,3186
671,image_classification,triton_g4dn_xlarge_1,0,15,3186
662,image_classification,triton_t2_large_8,0,71,3188
673,image_classification,triton_g4dn_xlarge_3,0,12,3195
674,image_classification,triton_g4dn_xlarge_4,0,17,3210
679,image_classification,triton_g4dn_xlarge_1,0,19,3212
729,image_classification,triton_g4dn_xlarge_3,0,18,3214
682,image_classification,triton_g4dn_xlarge_4,0,12,3226
683,image_classification,triton_g4dn_xlarge_1,0,15,3229
685,image_classification,triton_g4dn_xlarge_3,0,14,3229
669,image_classification,triton_t2_large_6,0,72,3232
709,image_classification,triton_g4dn_xlarge_4,0,9,3234
688,image_classification,triton_g4dn_xlarge_4,0,17,3253
687,image_classification,triton_g4dn_xlarge_3,0,18,3254
684,image_classification,triton_g4dn_xlarge_1,0,18,3254
672,image_classification,triton_t2_large_7,0,72,3255
680,image_classification,triton_t2_large_8,0,77,3270
689,image_classification,triton_g4dn_xlarge_1,0,18,3277
691,image_classification,triton_g4dn_xlarge_3,0,20,3279
692,image_classification,triton_g4dn_xlarge_4,0,20,3279
693,image_classification,triton_g4dn_xlarge_1,0,13,3294
696,image_classification,triton_g4dn_xlarge_4,0,13,3295
695,image_classification,triton_g4dn_xlarge_3,0,14,3296
686,image_classification,triton_t2_large_6,0,75,3310
697,image_classification,triton_g4dn_xlarge_1,0,11,3315
704,image_classification,triton_g4dn_xlarge_4,0,11,3315
703,image_classification,triton_g4dn_xlarge_3,0,12,3315
744,image_classification,triton_g4dn_xlarge_4,0,12,3328
743,image_classification,triton_g4dn_xlarge_3,0,13,3328
745,image_classification,triton_g4dn_xlarge_1,0,13,3329
690,image_classification,triton_t2_large_7,0,80,3339
712,image_classification,triton_g4dn_xlarge_1,0,12,3348
710,image_classification,triton_g4dn_xlarge_4,0,12,3348
708,image_classification,triton_g4dn_xlarge_3,0,12,3348
694,image_classification,triton_t2_large_8,0,74,3356
749,image_classification,triton_g4dn_xlarge_3,0,9,3357
725,image_classification,triton_g4dn_xlarge_4,0,12,3370
726,image_classification,triton_g4dn_xlarge_1,0,13,3371
728,image_classification,triton_g4dn_xlarge_3,0,14,3372
705,image_classification,triton_t2_large_6,0,73,3387
730,image_classification,triton_g4dn_xlarge_4,0,11,3393
732,image_classification,triton_g4dn_xlarge_3,0,11,3394
731,image_classification,triton_g4dn_xlarge_1,0,11,3394
734,image_classification,triton_g4dn_xlarge_3,0,10,3414
736,image_classification,triton_g4dn_xlarge_4,0,11,3415
737,image_classification,triton_g4dn_xlarge_1,0,11,3415
713,image_classification,triton_t2_large_7,0,70,3417
738,image_classification,triton_g4dn_xlarge_3,0,8,3422
727,image_classification,triton_t2_large_8,0,74,3432
741,image_classification,triton_g4dn_xlarge_4,0,9,3434
742,image_classification,triton_g4dn_xlarge_1,0,9,3434
733,image_classification,triton_t2_large_6,0,68,3461
754,speech_recognition,triton_g4dn_xlarge_3,0,29,3494
755,speech_recognition,triton_g4dn_xlarge_4,0,28,3494
756,speech_recognition,triton_g4dn_xlarge_1,0,29,3494
757,speech_recognition,triton_g4dn_xlarge_3,0,21,3519
758,speech_recognition,triton_g4dn_xlarge_4,0,23,3520
759,speech_recognition,triton_g4dn_xlarge_1,0,24,3522
813,speech_recognition,triton_g4dn_xlarge_4,0,21,3542
760,speech_recognition,triton_g4dn_xlarge_3,0,22,3542
889,speech_recognition,triton_g4dn_xlarge_1,0,24,3546
837,speech_recognition,triton_g4dn_xlarge_4,0,23,3566
836,speech_recognition,triton_g4dn_xlarge_3,0,25,3569
761,speech_recognition,triton_g4dn_xlarge_1,0,21,3573
948,speech_recognition,triton_g4dn_xlarge_4,0,21,3588
762,speech_recognition,triton_g4dn_xlarge_1,0,20,3594
763,speech_recognition,triton_g4dn_xlarge_3,0,24,3597
949,speech_recognition,triton_g4dn_xlarge_4,0,21,3610
764,speech_recognition,triton_g4dn_xlarge_1,0,21,3617
857,speech_recognition,triton_g4dn_xlarge_3,0,23,3620
951,speech_recognition,triton_g4dn_xlarge_4,0,23,3634
791,speech_recognition,triton_g4dn_xlarge_1,0,22,3639
952,speech_recognition,triton_g4dn_xlarge_3,0,22,3644
765,speech_recognition,triton_g4dn_xlarge_4,0,23,3661
858,speech_recognition,triton_g4dn_xlarge_1,0,24,3666
766,speech_recognition,triton_g4dn_xlarge_3,0,23,3672
859,speech_recognition,triton_g4dn_xlarge_4,0,22,3685
767,speech_recognition,triton_g4dn_xlarge_1,0,22,3693
860,speech_recognition,triton_g4dn_xlarge_3,0,23,3698
861,speech_recognition,triton_g4dn_xlarge_4,0,21,3706
862,speech_recognition,triton_g4dn_xlarge_1,0,21,3717
768,speech_recognition,triton_g4dn_xlarge_3,0,21,3723
863,speech_recognition,triton_g4dn_xlarge_4,0,21,3729
864,speech_recognition,triton_g4dn_xlarge_1,0,22,3741
769,speech_recognition,triton_g4dn_xlarge_3,0,23,3748
865,speech_recognition,triton_g4dn_xlarge_4,0,21,3750
937,speech_recognition,triton_g4dn_xlarge_1,0,23,3763
867,speech_recognition,triton_g4dn_xlarge_4,0,23,3774
866,speech_recognition,triton_g4dn_xlarge_3,0,24,3775
770,speech_recognition,triton_g4dn_xlarge_1,0,22,3791
990,speech_recognition,triton_g4dn_xlarge_4,0,22,3796
771,speech_recognition,triton_g4dn_xlarge_3,0,23,3802
868,speech_recognition,triton_g4dn_xlarge_1,0,22,3816
772,speech_recognition,triton_g4dn_xlarge_4,0,23,3823
869,speech_recognition,triton_g4dn_xlarge_3,0,21,3826
940,speech_recognition,triton_g4dn_xlarge_1,0,21,3837
871,speech_recognition,triton_g4dn_xlarge_4,0,23,3849
870,speech_recognition,triton_g4dn_xlarge_3,0,24,3850
914,speech_recognition,triton_g4dn_xlarge_1,0,21,3859
941,speech_recognition,triton_g4dn_xlarge_4,0,21,3870
773,speech_recognition,triton_g4dn_xlarge_3,0,23,3878
919,speech_recognition,triton_g4dn_xlarge_1,0,22,3881
950,speech_recognition,triton_g4dn_xlarge_4,0,21,3891
872,speech_recognition,triton_g4dn_xlarge_3,0,22,3902
953,speech_recognition,triton_g4dn_xlarge_1,0,22,3903
942,speech_recognition,triton_g4dn_xlarge_4,0,21,3912
967,speech_recognition,triton_g4dn_xlarge_3,0,22,3924
774,speech_recognition,triton_g4dn_xlarge_1,0,23,3933
943,speech_recognition,triton_g4dn_xlarge_4,0,22,3934
775,speech_recognition,triton_g4dn_xlarge_3,0,22,3954
884,speech_recognition,triton_g4dn_xlarge_1,0,23,3955
776,speech_recognition,triton_g4dn_xlarge_4,0,23,3965
821,speech_recognition,triton_g4dn_xlarge_3,0,22,3976
963,speech_recognition,triton_g4dn_xlarge_1,0,22,3977
900,speech_recognition,triton_g4dn_xlarge_4,0,22,3987
901,speech_recognition,triton_g4dn_xlarge_3,0,23,3999
777,speech_recognition,triton_g4dn_xlarge_1,0,21,4007
920,speech_recognition,triton_g4dn_xlarge_4,0,22,4009
778,speech_recognition,triton_g4dn_xlarge_3,0,21,4028
784,speech_recognition,triton_g4dn_xlarge_1,0,22,4029
936,speech_recognition,triton_g4dn_xlarge_4,0,22,4032
752,speech_recognition,triton_t2_large_6,0,572,4036
753,speech_recognition,triton_t2_large_8,0,580,4045
785,speech_recognition,triton_g4dn_xlarge_3,0,22,4051
805,speech_recognition,triton_g4dn_xlarge_1,0,23,4053
751,speech_recognition,triton_t2_large_7,0,593,4058
780,speech_recognition,triton_g4dn_xlarge_4,0,21,4060
806,speech_recognition,triton_g4dn_xlarge_3,0,24,4076
932,speech_recognition,triton_g4dn_xlarge_1,0,22,4076
786,speech_recognition,triton_g4dn_xlarge_4,0,22,4082
783,speech_recognition,triton_g4dn_xlarge_1,0,21,4102
787,speech_recognition,triton_g4dn_xlarge_3,0,23,4105
807,speech_recognition,triton_g4dn_xlarge_4,0,22,4107
788,speech_recognition,triton_g4dn_xlarge_1,0,21,4124
808,speech_recognition,triton_g4dn_xlarge_3,0,22,4128
878,speech_recognition,triton_g4dn_xlarge_4,0,22,4129
789,speech_recognition,triton_g4dn_xlarge_1,0,22,4146
890,speech_recognition,triton_g4dn_xlarge_3,0,22,4150
903,speech_recognition,triton_g4dn_xlarge_4,0,22,4152
809,speech_recognition,triton_g4dn_xlarge_1,0,24,4173
904,speech_recognition,triton_g4dn_xlarge_3,0,23,4174
928,speech_recognition,triton_g4dn_xlarge_4,0,21,4174
916,speech_recognition,triton_g4dn_xlarge_1,0,22,4195
954,speech_recognition,triton_g4dn_xlarge_4,0,21,4195
958,speech_recognition,triton_g4dn_xlarge_3,0,23,4198
962,speech_recognition,triton_g4dn_xlarge_4,0,21,4218
964,speech_recognition,triton_g4dn_xlarge_1,0,23,4220
790,speech_recognition,triton_g4dn_xlarge_3,0,23,4222
793,speech_recognition,triton_g4dn_xlarge_1,0,22,4242
792,speech_recognition,triton_g4dn_xlarge_4,0,22,4242
810,speech_recognition,triton_g4dn_xlarge_3,0,23,4249
812,speech_recognition,triton_g4dn_xlarge_1,0,22,4270
811,speech_recognition,triton_g4dn_xlarge_4,0,22,4271
886,speech_recognition,triton_g4dn_xlarge_3,0,23,4272
887,speech_recognition,triton_g4dn_xlarge_4,0,22,4294
888,speech_recognition,triton_g4dn_xlarge_1,0,23,4295
979,speech_recognition,triton_g4dn_xlarge_3,0,23,4296
980,speech_recognition,triton_g4dn_xlarge_4,0,22,4316
814,speech_recognition,triton_g4dn_xlarge_1,0,20,4323
815,speech_recognition,triton_g4dn_xlarge_3,0,24,4327
816,speech_recognition,triton_g4dn_xlarge_4,0,21,4345
817,speech_recognition,triton_g4dn_xlarge_1,0,21,4345
796,speech_recognition,triton_g4dn_xlarge_3,0,22,4349
818,speech_recognition,triton_g4dn_xlarge_4,0,22,4367
819,speech_recognition,triton_g4dn_xlarge_1,0,23,4368
820,speech_recognition,triton_g4dn_xlarge_3,0,23,4380
822,speech_recognition,triton_g4dn_xlarge_4,0,25,4392
843,speech_recognition,triton_g4dn_xlarge_1,0,27,4396
875,speech_recognition,triton_g4dn_xlarge_3,0,23,4402
823,speech_recognition,triton_g4dn_xlarge_4,0,22,4421
824,speech_recognition,triton_g4dn_xlarge_1,0,25,4424
825,speech_recognition,triton_g4dn_xlarge_3,0,21,4431
844,speech_recognition,triton_g4dn_xlarge_4,0,22,4444
798,speech_recognition,triton_g4dn_xlarge_1,0,22,4446
839,speech_recognition,triton_g4dn_xlarge_3,0,21,4452
855,speech_recognition,triton_g4dn_xlarge_4,0,22,4467
826,speech_recognition,triton_g4dn_xlarge_1,0,21,4474
827,speech_recognition,triton_g4dn_xlarge_3,0,23,4476
829,speech_recognition,triton_g4dn_xlarge_1,0,22,4496
828,speech_recognition,triton_g4dn_xlarge_4,0,24,4498
845,speech_recognition,triton_g4dn_xlarge_3,0,24,4500
846,speech_recognition,triton_g4dn_xlarge_1,0,23,4520
972,speech_recognition,triton_g4dn_xlarge_4,0,22,4520
830,speech_recognition,triton_g4dn_xlarge_3,0,23,4530
832,speech_recognition,triton_g4dn_xlarge_1,0,21,4549
831,speech_recognition,triton_g4dn_xlarge_4,0,21,4549
895,speech_recognition,triton_g4dn_xlarge_3,0,23,4552
833,speech_recognition,triton_g4dn_xlarge_4,0,20,4570
834,speech_recognition,triton_g4dn_xlarge_1,0,22,4572
835,speech_recognition,triton_g4dn_xlarge_3,0,21,4582
838,speech_recognition,triton_g4dn_xlarge_4,0,22,4593
847,speech_recognition,triton_g4dn_xlarge_1,0,24,4597
779,speech_recognition,triton_t2_large_6,0,564,4603
848,speech_recognition,triton_g4dn_xlarge_3,0,21,4605
781,speech_recognition,triton_t2_large_8,0,569,4618
849,speech_recognition,triton_g4dn_xlarge_4,0,22,4618
840,speech_recognition,triton_g4dn_xlarge_1,0,22,4625
851,speech_recognition,triton_g4dn_xlarge_3,0,23,4629
841,speech_recognition,triton_g4dn_xlarge_4,0,20,4644
852,speech_recognition,triton_g4dn_xlarge_1,0,21,4648
782,speech_recognition,triton_t2_large_7,0,594,4654
853,speech_recognition,triton_g4dn_xlarge_3,0,22,4661
854,speech_recognition,triton_g4dn_xlarge_4,0,22,4671
856,speech_recognition,triton_g4dn_xlarge_1,0,22,4672
946,speech_recognition,triton_g4dn_xlarge_3,0,23,4684
913,speech_recognition,triton_g4dn_xlarge_4,0,21,4693
947,speech_recognition,triton_g4dn_xlarge_1,0,23,4695
874,speech_recognition,triton_g4dn_xlarge_3,0,22,4715
876,speech_recognition,triton_g4dn_xlarge_4,0,24,4718
877,speech_recognition,triton_g4dn_xlarge_1,0,23,4729
879,speech_recognition,triton_g4dn_xlarge_3,0,21,4737
880,speech_recognition,triton_g4dn_xlarge_4,0,20,4748
982,speech_recognition,triton_g4dn_xlarge_1,0,21,4750
881,speech_recognition,triton_g4dn_xlarge_3,0,23,4762
882,speech_recognition,triton_g4dn_xlarge_4,0,21,4771
959,speech_recognition,triton_g4dn_xlarge_1,0,21,4771
883,speech_recognition,triton_g4dn_xlarge_3,0,24,4796
891,speech_recognition,triton_g4dn_xlarge_1,0,24,4796
885,speech_recognition,triton_g4dn_xlarge_4,0,24,4797
892,speech_recognition,triton_g4dn_xlarge_3,0,21,4828
893,speech_recognition,triton_g4dn_xlarge_4,0,23,4830
894,speech_recognition,triton_g4dn_xlarge_1,0,24,4831
896,speech_recognition,triton_g4dn_xlarge_3,0,21,4850
969,speech_recognition,triton_g4dn_xlarge_4,0,23,4853
897,speech_recognition,triton_g4dn_xlarge_1,0,20,4862
898,speech_recognition,triton_g4dn_xlarge_3,0,22,4875
902,speech_recognition,triton_g4dn_xlarge_1,0,21,4885
899,speech_recognition,triton_g4dn_xlarge_4,0,23,4886
905,speech_recognition,triton_g4dn_xlarge_3,0,21,4905
922,speech_recognition,triton_g4dn_xlarge_1,0,21,4906
906,speech_recognition,triton_g4dn_xlarge_4,0,20,4917
908,speech_recognition,triton_g4dn_xlarge_3,0,23,4930
907,speech_recognition,triton_g4dn_xlarge_1,0,22,4930
909,speech_recognition,triton_g4dn_xlarge_4,0,20,4939
800,speech_recognition,triton_g4dn_xlarge_1,0,22,4952
910,speech_recognition,triton_g4dn_xlarge_3,0,20,4960
911,speech_recognition,triton_g4dn_xlarge_4,0,23,4963
801,speech_recognition,triton_g4dn_xlarge_1,0,22,4973
912,speech_recognition,triton_g4dn_xlarge_3,0,21,4983
915,speech_recognition,triton_g4dn_xlarge_4,0,20,4993
917,speech_recognition,triton_g4dn_xlarge_1,0,22,5006
918,speech_recognition,triton_g4dn_xlarge_3,0,24,5008
921,speech_recognition,triton_g4dn_xlarge_4,0,22,5017
923,speech_recognition,triton_g4dn_xlarge_1,0,20,5036
924,speech_recognition,triton_g4dn_xlarge_3,0,23,5040
925,speech_recognition,triton_g4dn_xlarge_4,0,22,5050
926,speech_recognition,triton_g4dn_xlarge_1,0,22,5060
927,speech_recognition,triton_g4dn_xlarge_3,0,21,5070
995,speech_recognition,triton_g4dn_xlarge_4,0,21,5071
996,speech_recognition,triton_g4dn_xlarge_1,0,22,5083
929,speech_recognition,triton_g4dn_xlarge_3,0,21,5092
997,speech_recognition,triton_g4dn_xlarge_4,0,22,5094
930,speech_recognition,triton_g4dn_xlarge_1,0,21,5114
931,speech_recognition,triton_g4dn_xlarge_3,0,23,5117
933,speech_recognition,triton_g4dn_xlarge_4,0,23,5128
934,speech_recognition,triton_g4dn_xlarge_1,0,21,5136
935,speech_recognition,triton_g4dn_xlarge_3,0,21,5148
938,speech_recognition,triton_g4dn_xlarge_4,0,20,5158
939,speech_recognition,triton_g4dn_xlarge_1,0,23,5161
991,speech_recognition,triton_g4dn_xlarge_3,0,22,5170
850,speech_recognition,triton_t2_large_6,0,570,5175
944,speech_recognition,triton_g4dn_xlarge_4,0,21,5180
945,speech_recognition,triton_g4dn_xlarge_1,0,22,5192
802,speech_recognition,triton_g4dn_xlarge_3,0,23,5194
842,speech_recognition,triton_t2_large_8,0,572,5196
955,speech_recognition,triton_g4dn_xlarge_4,0,23,5204
960,speech_recognition,triton_g4dn_xlarge_3,0,21,5224
961,speech_recognition,triton_g4dn_xlarge_1,0,22,5224
965,speech_recognition,triton_g4dn_xlarge_4,0,20,5234
966,speech_recognition,triton_g4dn_xlarge_1,0,21,5246
873,speech_recognition,triton_t2_large_7,0,587,5247
968,speech_recognition,triton_g4dn_xlarge_3,0,23,5248
970,speech_recognition,triton_g4dn_xlarge_4,0,22,5257
977,speech_recognition,triton_g4dn_xlarge_1,0,22,5268
973,speech_recognition,triton_g4dn_xlarge_3,0,23,5279
992,speech_recognition,triton_g4dn_xlarge_4,0,22,5280
974,speech_recognition,triton_g4dn_xlarge_1,0,21,5299
975,speech_recognition,triton_g4dn_xlarge_3,0,21,5311
976,speech_recognition,triton_g4dn_xlarge_4,0,22,5312
978,speech_recognition,triton_g4dn_xlarge_1,0,22,5323
981,speech_recognition,triton_g4dn_xlarge_3,0,21,5333
983,speech_recognition,triton_g4dn_xlarge_4,0,20,5342
984,speech_recognition,triton_g4dn_xlarge_1,0,22,5355
797,speech_recognition,triton_g4dn_xlarge_3,0,23,5356
985,speech_recognition,triton_g4dn_xlarge_4,0,21,5364
986,speech_recognition,triton_g4dn_xlarge_1,0,20,5385
987,speech_recognition,triton_g4dn_xlarge_3,0,23,5388
988,speech_recognition,triton_g4dn_xlarge_4,0,23,5388
989,speech_recognition,triton_g4dn_xlarge_1,0,21,5408
994,speech_recognition,triton_g4dn_xlarge_4,0,20,5419
993,speech_recognition,triton_g4dn_xlarge_3,0,22,5420
998,speech_recognition,triton_g4dn_xlarge_1,0,22,5431
999,speech_recognition,triton_g4dn_xlarge_4,0,21,5441
1000,speech_recognition,triton_g4dn_xlarge_3,0,20,5451
795,speech_recognition,triton_g4dn_xlarge_1,0,21,5463
794,speech_recognition,triton_g4dn_xlarge_4,0,22,5464
799,speech_recognition,triton_g4dn_xlarge_3,0,21,5474
803,speech_recognition,triton_g4dn_xlarge_1,0,21,5484
804,speech_recognition,triton_g4dn_xlarge_4,0,21,5495
956,speech_recognition,triton_t2_large_6,0,566,5746
957,speech_recognition,triton_t2_large_8,0,577,5780
971,speech_recognition,triton_t2_large_7,0,588,5845
