task_id,task_type,assigned_machine,arrival_time,inference_time,completion_time
1,object_detection,triton_t2_large_7,0,64,69
3,object_detection,triton_t2_large_8,0,66,72
2,object_detection,triton_t2_large_6,0,75,81
5,object_detection,triton_t2_large_3,0,102,107
6,object_detection,triton_t2_large_4,0,102,107
14,object_detection,triton_g4dn_xlarge_3,0,102,108
15,object_detection,triton_g4dn_xlarge_4,0,101,108
7,object_detection,triton_t2_large_5,0,111,117
17,object_detection,triton_t2_large_8,0,50,127
16,object_detection,triton_t2_large_7,0,51,128
11,object_detection,triton_t2_large_15,0,124,131
8,object_detection,triton_t2_large_2,0,128,134
21,object_detection,triton_g4dn_xlarge_3,0,36,145
22,object_detection,triton_g4dn_xlarge_4,0,38,147
9,object_detection,triton_t2_large_11,0,143,149
20,object_detection,triton_t2_large_4,0,50,158
19,object_detection,triton_t2_large_3,0,56,164
18,object_detection,triton_t2_large_6,0,85,172
12,object_detection,triton_t2_large_16,0,188,194
23,object_detection,triton_t2_large_5,0,75,194
25,object_detection,triton_t2_large_8,0,66,197
13,object_detection,triton_t2_large_13,0,195,201
24,object_detection,triton_t2_large_7,0,72,202
62,object_detection,triton_g4dn_xlarge_3,0,61,206
124,object_detection,triton_g4dn_xlarge_4,0,59,206
4,object_detection,triton_t2_large_1,0,203,209
10,object_detection,triton_t2_large_12,0,208,214
125,object_detection,triton_t2_large_4,0,62,220
61,object_detection,triton_t2_large_2,0,93,227
37,object_detection,triton_t2_large_3,0,65,229
27,object_detection,triton_t2_large_6,0,60,234
38,object_detection,triton_t2_large_8,0,45,242
30,object_detection,triton_g4dn_xlarge_3,0,46,252
28,object_detection,triton_t2_large_5,0,58,252
31,object_detection,triton_g4dn_xlarge_4,0,54,259
29,object_detection,triton_t2_large_16,0,86,280
58,object_detection,triton_t2_large_4,0,62,282
154,object_detection,triton_t2_large_7,0,85,288
36,object_detection,triton_t2_large_15,0,157,289
241,object_detection,triton_t2_large_3,0,64,293
64,object_detection,triton_t2_large_8,0,53,295
66,object_detection,triton_g4dn_xlarge_3,0,48,300
26,object_detection,triton_t2_large_11,0,153,305
192,object_detection,triton_g4dn_xlarge_4,0,48,310
134,object_detection,triton_t2_large_13,0,114,316
135,object_detection,triton_t2_large_6,0,89,323
193,object_detection,triton_t2_large_4,0,46,328
182,object_detection,triton_t2_large_2,0,102,329
65,object_detection,triton_t2_large_5,0,83,335
63,object_detection,triton_t2_large_1,0,142,351
195,object_detection,triton_t2_large_3,0,67,361
165,object_detection,triton_g4dn_xlarge_3,0,62,364
232,object_detection,triton_t2_large_8,0,68,364
156,object_detection,triton_t2_large_15,0,84,373
164,object_detection,triton_t2_large_12,0,166,382
157,object_detection,triton_g4dn_xlarge_4,0,78,390
240,object_detection,triton_t2_large_4,0,80,409
155,object_detection,triton_t2_large_7,0,121,410
198,object_detection,triton_t2_large_6,0,86,413
199,object_detection,triton_t2_large_5,0,83,420
243,object_detection,triton_t2_large_3,0,63,424
74,object_detection,triton_t2_large_8,0,60,424
73,object_detection,triton_g4dn_xlarge_3,0,68,432
196,object_detection,triton_t2_large_11,0,138,443
242,object_detection,triton_t2_large_2,0,115,444
194,object_detection,triton_t2_large_16,0,170,453
200,object_detection,triton_g4dn_xlarge_4,0,69,461
197,object_detection,triton_t2_large_13,0,154,470
207,object_detection,triton_g4dn_xlarge_3,0,40,477
69,object_detection,triton_t2_large_15,0,111,484
203,object_detection,triton_t2_large_4,0,72,487
80,object_detection,triton_g4dn_xlarge_4,0,28,490
206,object_detection,triton_t2_large_3,0,69,493
205,object_detection,triton_t2_large_8,0,68,493
202,object_detection,triton_t2_large_6,0,84,498
72,object_detection,triton_t2_large_1,0,146,499
201,object_detection,triton_t2_large_7,0,96,510
204,object_detection,triton_t2_large_5,0,86,510
244,object_detection,triton_t2_large_12,0,143,525
208,object_detection,triton_t2_large_2,0,78,527
212,object_detection,triton_g4dn_xlarge_3,0,50,532
209,object_detection,triton_t2_large_11,0,90,539
215,object_detection,triton_t2_large_3,0,65,559
213,object_detection,triton_g4dn_xlarge_4,0,79,573
210,object_detection,triton_t2_large_16,0,115,575
211,object_detection,triton_t2_large_13,0,107,578
214,object_detection,triton_t2_large_8,0,88,582
222,object_detection,triton_g4dn_xlarge_3,0,56,592
216,object_detection,triton_t2_large_4,0,99,593
219,object_detection,triton_t2_large_5,0,80,594
217,object_detection,triton_t2_large_6,0,97,601
81,object_detection,triton_t2_large_15,0,117,601
220,object_detection,triton_t2_large_7,0,87,602
229,object_detection,triton_t2_large_2,0,78,606
218,object_detection,triton_t2_large_1,0,120,624
230,object_detection,triton_t2_large_3,0,66,626
39,object_detection,triton_g4dn_xlarge_4,0,58,630
231,object_detection,triton_g4dn_xlarge_3,0,48,641
221,object_detection,triton_t2_large_12,0,123,648
248,object_detection,triton_t2_large_11,0,116,655
225,object_detection,triton_g4dn_xlarge_3,0,28,671
235,object_detection,triton_t2_large_6,0,74,677
42,object_detection,triton_t2_large_5,0,90,685
224,object_detection,triton_g4dn_xlarge_4,0,63,696
41,object_detection,triton_t2_large_4,0,102,697
48,object_detection,triton_t2_large_2,0,91,697
40,object_detection,triton_t2_large_8,0,120,704
234,object_detection,triton_t2_large_7,0,109,712
43,object_detection,triton_t2_large_3,0,84,712
166,object_detection,triton_t2_large_16,0,148,723
102,object_detection,triton_g4dn_xlarge_3,0,59,732
223,object_detection,triton_t2_large_13,0,163,741
228,object_detection,triton_g4dn_xlarge_4,0,47,745
233,object_detection,triton_t2_large_15,0,148,750
236,object_detection,triton_t2_large_1,0,130,754
237,object_detection,triton_t2_large_11,0,102,757
44,object_detection,triton_t2_large_12,0,112,761
46,object_detection,triton_t2_large_3,0,54,768
45,object_detection,triton_t2_large_6,0,88,770
50,object_detection,triton_g4dn_xlarge_3,0,39,775
226,object_detection,triton_t2_large_5,0,92,779
227,object_detection,triton_t2_large_2,0,96,794
238,object_detection,triton_t2_large_4,0,98,796
103,object_detection,triton_t2_large_8,0,92,796
51,object_detection,triton_g4dn_xlarge_4,0,62,809
49,object_detection,triton_t2_large_16,0,88,813
47,object_detection,triton_t2_large_7,0,112,826
59,object_detection,triton_g4dn_xlarge_3,0,55,835
54,object_detection,triton_t2_large_11,0,79,838
56,object_detection,triton_t2_large_3,0,80,849
55,object_detection,triton_t2_large_12,0,80,849
53,object_detection,triton_t2_large_1,0,101,860
83,object_detection,triton_t2_large_6,0,92,863
57,object_detection,triton_t2_large_5,0,90,870
250,object_detection,triton_t2_large_2,0,78,872
70,object_detection,triton_g4dn_xlarge_4,0,60,873
60,object_detection,triton_t2_large_8,0,71,874
67,object_detection,triton_t2_large_4,0,79,881
68,object_detection,triton_t2_large_16,0,79,892
84,object_detection,triton_g4dn_xlarge_3,0,58,893
52,object_detection,triton_t2_large_13,0,147,894
239,object_detection,triton_t2_large_15,0,150,900
175,object_detection,triton_t2_large_7,0,94,920
75,object_detection,triton_t2_large_3,0,73,929
82,object_detection,triton_g4dn_xlarge_4,0,64,940
76,object_detection,triton_t2_large_6,0,81,948
79,object_detection,triton_t2_large_2,0,73,949
85,object_detection,triton_t2_large_8,0,76,955
71,object_detection,triton_t2_large_12,0,103,958
35,object_detection,triton_t2_large_11,0,127,965
90,object_detection,triton_g4dn_xlarge_3,0,70,972
78,object_detection,triton_t2_large_5,0,104,981
86,object_detection,triton_t2_large_4,0,91,982
92,object_detection,triton_t2_large_3,0,49,983
91,object_detection,triton_t2_large_7,0,59,983
88,object_detection,triton_t2_large_16,0,90,991
93,object_detection,triton_g4dn_xlarge_4,0,53,998
77,object_detection,triton_t2_large_1,0,140,1007
97,object_detection,triton_g4dn_xlarge_3,0,37,1014
87,object_detection,triton_t2_large_15,0,116,1018
94,object_detection,triton_t2_large_8,0,79,1034
145,object_detection,triton_t2_large_6,0,90,1037
146,object_detection,triton_t2_large_12,0,95,1053
95,object_detection,triton_t2_large_2,0,99,1054
101,object_detection,triton_g4dn_xlarge_4,0,55,1054
89,object_detection,triton_t2_large_13,0,153,1055
106,object_detection,triton_g4dn_xlarge_3,0,44,1064
99,object_detection,triton_t2_large_3,0,75,1064
98,object_detection,triton_t2_large_7,0,76,1064
183,object_detection,triton_t2_large_5,0,90,1071
96,object_detection,triton_t2_large_11,0,117,1083
171,object_detection,triton_t2_large_16,0,95,1086
121,object_detection,triton_t2_large_8,0,54,1088
100,object_detection,triton_t2_large_4,0,100,1088
107,object_detection,triton_t2_large_6,0,73,1114
105,object_detection,triton_t2_large_15,0,95,1115
104,object_detection,triton_t2_large_1,0,105,1115
127,object_detection,triton_g4dn_xlarge_4,0,72,1128
130,object_detection,triton_g4dn_xlarge_3,0,64,1132
122,object_detection,triton_t2_large_2,0,84,1141
123,object_detection,triton_t2_large_12,0,87,1144
128,object_detection,triton_t2_large_7,0,92,1159
129,object_detection,triton_t2_large_3,0,92,1160
132,object_detection,triton_t2_large_8,0,74,1164
126,object_detection,triton_t2_large_13,0,110,1167
108,object_detection,triton_t2_large_5,0,95,1169
136,object_detection,triton_g4dn_xlarge_3,0,45,1177
137,object_detection,triton_g4dn_xlarge_4,0,46,1178
131,object_detection,triton_t2_large_16,0,99,1188
109,object_detection,triton_t2_large_11,0,112,1197
133,object_detection,triton_t2_large_4,0,108,1198
111,object_detection,triton_t2_large_6,0,81,1198
110,object_detection,triton_t2_large_15,0,81,1198
112,object_detection,triton_t2_large_1,0,95,1212
138,object_detection,triton_t2_large_2,0,89,1232
113,object_detection,triton_t2_large_7,0,72,1232
147,object_detection,triton_t2_large_12,0,96,1241
114,object_detection,triton_t2_large_5,0,72,1243
139,object_detection,triton_t2_large_8,0,86,1251
152,object_detection,triton_g4dn_xlarge_3,0,88,1266
161,object_detection,triton_g4dn_xlarge_4,0,89,1267
140,object_detection,triton_t2_large_3,0,106,1271
168,object_detection,triton_t2_large_7,0,55,1290
148,object_detection,triton_t2_large_6,0,95,1295
160,object_detection,triton_t2_large_13,0,136,1304
149,object_detection,triton_t2_large_4,0,106,1305
163,object_detection,triton_t2_large_1,0,93,1306
151,object_detection,triton_t2_large_15,0,107,1306
162,object_detection,triton_t2_large_16,0,117,1307
170,object_detection,triton_g4dn_xlarge_3,0,40,1307
177,object_detection,triton_g4dn_xlarge_4,0,61,1329
150,object_detection,triton_t2_large_11,0,130,1329
167,object_detection,triton_t2_large_2,0,95,1330
153,object_detection,triton_t2_large_12,0,90,1332
169,object_detection,triton_t2_large_5,0,87,1333
158,object_detection,triton_t2_large_8,0,89,1341
181,object_detection,triton_t2_large_7,0,70,1360
159,object_detection,triton_t2_large_3,0,99,1372
172,object_detection,triton_t2_large_6,0,81,1381
184,object_detection,triton_g4dn_xlarge_4,0,57,1393
180,object_detection,triton_g4dn_xlarge_3,0,91,1402
174,object_detection,triton_t2_large_4,0,107,1417
185,object_detection,triton_t2_large_5,0,97,1433
190,object_detection,triton_t2_large_7,0,70,1438
173,object_detection,triton_t2_large_1,0,128,1438
176,object_detection,triton_t2_large_15,0,128,1438
189,object_detection,triton_t2_large_8,0,92,1438
186,object_detection,triton_t2_large_2,0,111,1447
178,object_detection,triton_t2_large_16,0,140,1451
188,object_detection,triton_t2_large_12,0,117,1453
179,object_detection,triton_t2_large_13,0,150,1461
245,object_detection,triton_t2_large_6,0,70,1461
247,object_detection,triton_g4dn_xlarge_4,0,61,1463
246,object_detection,triton_g4dn_xlarge_3,0,74,1476
187,object_detection,triton_t2_large_11,0,152,1489
191,object_detection,triton_t2_large_3,0,110,1490
34,object_detection,triton_t2_large_7,0,51,1498
115,object_detection,triton_t2_large_8,0,66,1513
143,object_detection,triton_g4dn_xlarge_3,0,39,1518
32,object_detection,triton_t2_large_5,0,89,1524
141,object_detection,triton_g4dn_xlarge_4,0,56,1525
249,object_detection,triton_t2_large_4,0,102,1527
117,object_detection,triton_t2_large_2,0,71,1529
116,object_detection,triton_t2_large_1,0,86,1533
142,object_detection,triton_t2_large_6,0,67,1537
118,object_detection,triton_t2_large_12,0,80,1538
33,object_detection,triton_t2_large_15,0,95,1542
119,object_detection,triton_t2_large_16,0,94,1552
144,object_detection,triton_t2_large_3,0,62,1553
120,object_detection,triton_t2_large_13,0,87,1556
264,question_answering,triton_g4dn_xlarge_3,0,10,1573
265,question_answering,triton_g4dn_xlarge_4,0,11,1574
280,question_answering,triton_g4dn_xlarge_4,0,3,1577
266,question_answering,triton_g4dn_xlarge_3,0,3,1577
267,question_answering,triton_g4dn_xlarge_3,0,3,1588
268,question_answering,triton_g4dn_xlarge_4,0,3,1588
252,question_answering,triton_t2_large_6,0,35,1597
270,question_answering,triton_g4dn_xlarge_4,0,3,1599
269,question_answering,triton_g4dn_xlarge_3,0,3,1599
255,question_answering,triton_t2_large_3,0,38,1600
251,question_answering,triton_t2_large_7,0,39,1601
260,question_answering,triton_t2_large_12,0,39,1602
256,question_answering,triton_t2_large_4,0,42,1604
258,question_answering,triton_t2_large_2,0,43,1606
259,question_answering,triton_t2_large_11,0,46,1609
254,question_answering,triton_t2_large_1,0,46,1609
257,question_answering,triton_t2_large_5,0,47,1610
261,question_answering,triton_t2_large_15,0,47,1610
253,question_answering,triton_t2_large_8,0,49,1611
262,question_answering,triton_t2_large_16,0,48,1611
275,question_answering,triton_g4dn_xlarge_3,0,5,1611
276,question_answering,triton_g4dn_xlarge_4,0,5,1611
263,question_answering,triton_t2_large_13,0,49,1612
281,question_answering,triton_g4dn_xlarge_3,0,4,1621
282,question_answering,triton_g4dn_xlarge_4,0,4,1622
470,question_answering,triton_g4dn_xlarge_3,0,3,1624
400,question_answering,triton_t2_large_6,0,29,1627
284,question_answering,triton_g4dn_xlarge_4,0,4,1632
286,question_answering,triton_g4dn_xlarge_3,0,4,1632
468,question_answering,triton_g4dn_xlarge_4,0,3,1635
469,question_answering,triton_g4dn_xlarge_3,0,3,1635
273,question_answering,triton_t2_large_2,0,31,1637
272,question_answering,triton_t2_large_4,0,32,1637
271,question_answering,triton_t2_large_3,0,31,1637
274,question_answering,triton_t2_large_12,0,31,1638
287,question_answering,triton_g4dn_xlarge_4,0,3,1642
402,question_answering,triton_t2_large_11,0,33,1642
401,question_answering,triton_t2_large_1,0,33,1642
426,question_answering,triton_t2_large_15,0,32,1642
427,question_answering,triton_t2_large_5,0,32,1642
277,question_answering,triton_t2_large_7,0,35,1642
292,question_answering,triton_g4dn_xlarge_3,0,5,1644
428,question_answering,triton_g4dn_xlarge_4,0,4,1646
278,question_answering,triton_t2_large_16,0,30,1647
279,question_answering,triton_t2_large_13,0,32,1649
283,question_answering,triton_t2_large_8,0,35,1653
295,question_answering,triton_g4dn_xlarge_3,0,4,1655
296,question_answering,triton_g4dn_xlarge_4,0,4,1655
285,question_answering,triton_t2_large_6,0,30,1658
298,question_answering,triton_g4dn_xlarge_4,0,4,1666
297,question_answering,triton_g4dn_xlarge_3,0,4,1666
288,question_answering,triton_t2_large_3,0,31,1669
290,question_answering,triton_t2_large_2,0,32,1671
289,question_answering,triton_t2_large_4,0,31,1671
291,question_answering,triton_t2_large_12,0,31,1671
430,question_answering,triton_t2_large_1,0,34,1676
431,question_answering,triton_t2_large_5,0,34,1676
433,question_answering,triton_t2_large_15,0,34,1676
432,question_answering,triton_t2_large_11,0,34,1676
305,question_answering,triton_g4dn_xlarge_4,0,4,1678
429,question_answering,triton_t2_large_7,0,36,1678
304,question_answering,triton_g4dn_xlarge_3,0,4,1678
293,question_answering,triton_t2_large_16,0,31,1682
294,question_answering,triton_t2_large_13,0,32,1683
434,question_answering,triton_t2_large_8,0,35,1688
308,question_answering,triton_g4dn_xlarge_3,0,4,1689
309,question_answering,triton_g4dn_xlarge_4,0,4,1689
499,question_answering,triton_g4dn_xlarge_3,0,3,1692
500,question_answering,triton_g4dn_xlarge_4,0,3,1692
299,question_answering,triton_t2_large_6,0,30,1692
312,question_answering,triton_g4dn_xlarge_3,0,3,1699
313,question_answering,triton_g4dn_xlarge_4,0,4,1700
484,question_answering,triton_g4dn_xlarge_3,0,3,1702
300,question_answering,triton_t2_large_3,0,32,1705
301,question_answering,triton_t2_large_4,0,32,1705
302,question_answering,triton_t2_large_2,0,32,1705
303,question_answering,triton_t2_large_12,0,32,1705
409,question_answering,triton_t2_large_1,0,33,1709
410,question_answering,triton_t2_large_5,0,33,1709
411,question_answering,triton_t2_large_11,0,33,1709
412,question_answering,triton_t2_large_15,0,33,1709
319,question_answering,triton_g4dn_xlarge_3,0,4,1711
314,question_answering,triton_g4dn_xlarge_4,0,4,1711
306,question_answering,triton_t2_large_16,0,31,1715
307,question_answering,triton_t2_large_13,0,32,1716
310,question_answering,triton_t2_large_7,0,37,1721
322,question_answering,triton_g4dn_xlarge_3,0,4,1721
449,question_answering,triton_t2_large_8,0,35,1722
323,question_answering,triton_g4dn_xlarge_4,0,4,1722
311,question_answering,triton_t2_large_6,0,30,1725
328,question_answering,triton_g4dn_xlarge_4,0,4,1732
327,question_answering,triton_g4dn_xlarge_3,0,4,1732
316,question_answering,triton_t2_large_4,0,31,1738
315,question_answering,triton_t2_large_3,0,31,1738
318,question_answering,triton_t2_large_12,0,32,1739
317,question_answering,triton_t2_large_2,0,32,1739
413,question_answering,triton_t2_large_1,0,33,1742
414,question_answering,triton_t2_large_5,0,33,1742
415,question_answering,triton_t2_large_11,0,33,1742
416,question_answering,triton_t2_large_15,0,33,1742
334,question_answering,triton_g4dn_xlarge_4,0,4,1744
333,question_answering,triton_g4dn_xlarge_3,0,4,1744
320,question_answering,triton_t2_large_16,0,31,1748
321,question_answering,triton_t2_large_13,0,32,1750
337,question_answering,triton_g4dn_xlarge_3,0,3,1755
338,question_answering,triton_g4dn_xlarge_4,0,4,1755
325,question_answering,triton_t2_large_6,0,29,1758
324,question_answering,triton_t2_large_7,0,35,1763
326,question_answering,triton_t2_large_8,0,36,1765
340,question_answering,triton_g4dn_xlarge_3,0,3,1766
341,question_answering,triton_g4dn_xlarge_4,0,4,1766
330,question_answering,triton_t2_large_4,0,31,1771
329,question_answering,triton_t2_large_3,0,31,1771
331,question_answering,triton_t2_large_2,0,32,1772
332,question_answering,triton_t2_large_12,0,32,1772
417,question_answering,triton_t2_large_1,0,33,1775
419,question_answering,triton_t2_large_11,0,33,1775
418,question_answering,triton_t2_large_5,0,33,1776
420,question_answering,triton_t2_large_15,0,33,1776
346,question_answering,triton_g4dn_xlarge_3,0,4,1777
347,question_answering,triton_g4dn_xlarge_4,0,4,1778
335,question_answering,triton_t2_large_16,0,31,1782
336,question_answering,triton_t2_large_13,0,32,1783
350,question_answering,triton_g4dn_xlarge_3,0,3,1788
351,question_answering,triton_g4dn_xlarge_4,0,3,1788
339,question_answering,triton_t2_large_6,0,30,1792
439,question_answering,triton_t2_large_8,0,35,1799
354,question_answering,triton_g4dn_xlarge_4,0,4,1799
357,question_answering,triton_t2_large_7,0,35,1799
353,question_answering,triton_g4dn_xlarge_3,0,4,1799
342,question_answering,triton_t2_large_3,0,31,1805
343,question_answering,triton_t2_large_4,0,31,1805
344,question_answering,triton_t2_large_2,0,31,1805
345,question_answering,triton_t2_large_12,0,32,1805
369,question_answering,triton_t2_large_1,0,32,1807
371,question_answering,triton_t2_large_11,0,31,1807
372,question_answering,triton_t2_large_15,0,33,1809
370,question_answering,triton_t2_large_5,0,33,1809
362,question_answering,triton_g4dn_xlarge_3,0,4,1812
363,question_answering,triton_g4dn_xlarge_4,0,4,1813
348,question_answering,triton_t2_large_16,0,30,1815
349,question_answering,triton_t2_large_13,0,31,1816
367,question_answering,triton_g4dn_xlarge_3,0,3,1823
368,question_answering,triton_g4dn_xlarge_4,0,3,1823
352,question_answering,triton_t2_large_6,0,29,1825
492,question_answering,triton_t2_large_7,0,34,1833
374,question_answering,triton_g4dn_xlarge_3,0,3,1833
375,question_answering,triton_g4dn_xlarge_4,0,3,1834
356,question_answering,triton_t2_large_3,0,31,1838
358,question_answering,triton_t2_large_4,0,31,1839
360,question_answering,triton_t2_large_11,0,31,1839
361,question_answering,triton_t2_large_12,0,32,1840
364,question_answering,triton_t2_large_1,0,32,1840
359,question_answering,triton_t2_large_2,0,32,1840
355,question_answering,triton_t2_large_8,0,34,1841
377,question_answering,triton_t2_large_15,0,32,1842
376,question_answering,triton_t2_large_5,0,32,1842
387,question_answering,triton_g4dn_xlarge_3,0,4,1848
388,question_answering,triton_g4dn_xlarge_4,0,4,1848
365,question_answering,triton_t2_large_16,0,30,1849
366,question_answering,triton_t2_large_13,0,31,1850
393,question_answering,triton_g4dn_xlarge_4,0,4,1859
392,question_answering,triton_g4dn_xlarge_3,0,4,1859
373,question_answering,triton_t2_large_6,0,30,1860
396,question_answering,triton_g4dn_xlarge_4,0,4,1870
395,question_answering,triton_g4dn_xlarge_3,0,4,1870
382,question_answering,triton_t2_large_4,0,31,1872
381,question_answering,triton_t2_large_3,0,31,1872
380,question_answering,triton_t2_large_1,0,32,1873
383,question_answering,triton_t2_large_2,0,32,1873
378,question_answering,triton_t2_large_7,0,34,1874
384,question_answering,triton_t2_large_11,0,31,1875
385,question_answering,triton_t2_large_12,0,32,1875
379,question_answering,triton_t2_large_8,0,35,1876
386,question_answering,triton_t2_large_15,0,32,1876
389,question_answering,triton_t2_large_5,0,34,1878
421,question_answering,triton_g4dn_xlarge_3,0,4,1882
422,question_answering,triton_g4dn_xlarge_4,0,5,1882
390,question_answering,triton_t2_large_16,0,31,1886
391,question_answering,triton_t2_large_13,0,32,1887
425,question_answering,triton_g4dn_xlarge_3,0,3,1892
435,question_answering,triton_g4dn_xlarge_4,0,4,1892
394,question_answering,triton_t2_large_6,0,30,1896
438,question_answering,triton_g4dn_xlarge_4,0,3,1903
437,question_answering,triton_g4dn_xlarge_3,0,3,1903
399,question_answering,triton_t2_large_1,0,32,1909
403,question_answering,triton_t2_large_3,0,32,1909
404,question_answering,triton_t2_large_4,0,32,1909
406,question_answering,triton_t2_large_11,0,32,1909
405,question_answering,triton_t2_large_2,0,32,1910
408,question_answering,triton_t2_large_15,0,32,1910
407,question_answering,triton_t2_large_12,0,34,1912
467,question_answering,triton_t2_large_5,0,32,1912
398,question_answering,triton_t2_large_8,0,35,1912
397,question_answering,triton_t2_large_7,0,35,1912
446,question_answering,triton_g4dn_xlarge_3,0,3,1914
447,question_answering,triton_g4dn_xlarge_4,0,3,1915
423,question_answering,triton_t2_large_16,0,31,1919
424,question_answering,triton_t2_large_13,0,31,1920
451,question_answering,triton_g4dn_xlarge_3,0,3,1926
452,question_answering,triton_g4dn_xlarge_4,0,4,1926
436,question_answering,triton_t2_large_6,0,30,1929
454,question_answering,triton_g4dn_xlarge_3,0,3,1937
455,question_answering,triton_g4dn_xlarge_4,0,3,1937
440,question_answering,triton_t2_large_1,0,31,1941
441,question_answering,triton_t2_large_3,0,31,1941
442,question_answering,triton_t2_large_4,0,31,1941
445,question_answering,triton_t2_large_15,0,32,1942
444,question_answering,triton_t2_large_11,0,32,1942
443,question_answering,triton_t2_large_2,0,32,1942
473,question_answering,triton_t2_large_5,0,32,1945
474,question_answering,triton_t2_large_12,0,34,1946
472,question_answering,triton_t2_large_8,0,35,1947
471,question_answering,triton_t2_large_7,0,34,1947
462,question_answering,triton_g4dn_xlarge_3,0,4,1948
463,question_answering,triton_g4dn_xlarge_4,0,4,1949
448,question_answering,triton_t2_large_16,0,31,1953
450,question_answering,triton_t2_large_13,0,31,1954
477,question_answering,triton_g4dn_xlarge_4,0,4,1960
476,question_answering,triton_g4dn_xlarge_3,0,3,1960
453,question_answering,triton_t2_large_6,0,29,1963
480,question_answering,triton_g4dn_xlarge_3,0,3,1971
481,question_answering,triton_g4dn_xlarge_4,0,3,1971
457,question_answering,triton_t2_large_3,0,31,1975
460,question_answering,triton_t2_large_11,0,31,1975
459,question_answering,triton_t2_large_2,0,32,1976
458,question_answering,triton_t2_large_4,0,32,1976
456,question_answering,triton_t2_large_1,0,32,1976
461,question_answering,triton_t2_large_15,0,32,1976
475,question_answering,triton_t2_large_5,0,31,1977
491,question_answering,triton_g4dn_xlarge_3,0,4,1983
493,question_answering,triton_g4dn_xlarge_4,0,4,1984
465,question_answering,triton_t2_large_16,0,30,1985
464,question_answering,triton_t2_large_12,0,31,1986
466,question_answering,triton_t2_large_13,0,31,1987
478,question_answering,triton_t2_large_7,0,35,1992
479,question_answering,triton_t2_large_8,0,35,1992
497,question_answering,triton_g4dn_xlarge_3,0,3,1994
498,question_answering,triton_g4dn_xlarge_4,0,4,1995
482,question_answering,triton_t2_large_6,0,30,1998
483,question_answering,triton_t2_large_1,0,32,2011
489,question_answering,triton_t2_large_11,0,31,2011
488,question_answering,triton_t2_large_2,0,32,2011
487,question_answering,triton_t2_large_5,0,32,2011
486,question_answering,triton_t2_large_4,0,31,2011
485,question_answering,triton_t2_large_3,0,31,2011
490,question_answering,triton_t2_large_15,0,32,2011
495,question_answering,triton_t2_large_16,0,31,2021
494,question_answering,triton_t2_large_12,0,32,2022
496,question_answering,triton_t2_large_13,0,32,2022
515,image_classification,triton_g4dn_xlarge_4,0,50,2079
514,image_classification,triton_g4dn_xlarge_3,0,59,2088
516,image_classification,triton_g4dn_xlarge_4,0,13,2096
503,image_classification,triton_t2_large_8,0,78,2106
643,image_classification,triton_g4dn_xlarge_4,0,14,2110
517,image_classification,triton_g4dn_xlarge_3,0,17,2111
501,image_classification,triton_t2_large_7,0,83,2111
502,image_classification,triton_t2_large_6,0,84,2112
519,image_classification,triton_g4dn_xlarge_4,0,15,2132
504,image_classification,triton_t2_large_1,0,108,2136
518,image_classification,triton_g4dn_xlarge_3,0,22,2138
505,image_classification,triton_t2_large_3,0,112,2140
506,image_classification,triton_t2_large_4,0,115,2143
523,image_classification,triton_g4dn_xlarge_4,0,10,2148
508,image_classification,triton_t2_large_2,0,121,2149
567,image_classification,triton_g4dn_xlarge_3,0,12,2151
509,image_classification,triton_t2_large_11,0,129,2158
525,image_classification,triton_g4dn_xlarge_4,0,10,2158
507,image_classification,triton_t2_large_5,0,133,2161
512,image_classification,triton_t2_large_16,0,138,2166
510,image_classification,triton_t2_large_12,0,139,2168
600,image_classification,triton_t2_large_8,0,71,2177
513,image_classification,triton_t2_large_13,0,152,2180
620,image_classification,triton_g4dn_xlarge_3,0,29,2181
526,image_classification,triton_g4dn_xlarge_4,0,23,2182
511,image_classification,triton_t2_large_15,0,156,2185
521,image_classification,triton_t2_large_6,0,79,2195
520,image_classification,triton_t2_large_7,0,82,2198
569,image_classification,triton_g4dn_xlarge_4,0,17,2201
531,image_classification,triton_g4dn_xlarge_3,0,23,2205
522,image_classification,triton_t2_large_1,0,71,2208
603,image_classification,triton_t2_large_3,0,69,2210
524,image_classification,triton_t2_large_4,0,73,2221
533,image_classification,triton_g4dn_xlarge_4,0,21,2224
568,image_classification,triton_t2_large_2,0,82,2232
538,image_classification,triton_g4dn_xlarge_4,0,19,2244
527,image_classification,triton_t2_large_11,0,85,2244
532,image_classification,triton_t2_large_8,0,74,2256
578,image_classification,triton_g4dn_xlarge_3,0,51,2256
590,image_classification,triton_t2_large_5,0,94,2256
528,image_classification,triton_t2_large_12,0,85,2256
541,image_classification,triton_g4dn_xlarge_4,0,19,2265
680,image_classification,triton_t2_large_6,0,73,2270
529,image_classification,triton_t2_large_16,0,103,2274
530,image_classification,triton_t2_large_13,0,92,2274
545,image_classification,triton_g4dn_xlarge_3,0,19,2276
546,image_classification,triton_g4dn_xlarge_4,0,15,2283
536,image_classification,triton_t2_large_3,0,75,2289
534,image_classification,triton_t2_large_7,0,86,2289
550,image_classification,triton_g4dn_xlarge_3,0,12,2293
681,image_classification,triton_g4dn_xlarge_4,0,13,2296
537,image_classification,triton_t2_large_4,0,75,2299
535,image_classification,triton_t2_large_1,0,96,2310
574,image_classification,triton_g4dn_xlarge_3,0,24,2317
553,image_classification,triton_g4dn_xlarge_4,0,21,2323
539,image_classification,triton_t2_large_2,0,94,2328
542,image_classification,triton_t2_large_8,0,71,2328
679,image_classification,triton_t2_large_15,0,146,2332
540,image_classification,triton_t2_large_11,0,87,2332
556,image_classification,triton_g4dn_xlarge_3,0,9,2333
544,image_classification,triton_t2_large_12,0,76,2333
557,image_classification,triton_g4dn_xlarge_4,0,10,2334
543,image_classification,triton_t2_large_5,0,84,2341
548,image_classification,triton_t2_large_6,0,74,2343
547,image_classification,triton_t2_large_16,0,89,2368
552,image_classification,triton_t2_large_3,0,78,2369
563,image_classification,triton_g4dn_xlarge_3,0,38,2374
564,image_classification,triton_g4dn_xlarge_4,0,41,2376
554,image_classification,triton_t2_large_4,0,75,2377
551,image_classification,triton_t2_large_7,0,89,2380
549,image_classification,triton_t2_large_13,0,102,2383
555,image_classification,triton_t2_large_1,0,73,2386
701,image_classification,triton_g4dn_xlarge_3,0,14,2388
570,image_classification,triton_g4dn_xlarge_4,0,13,2391
558,image_classification,triton_t2_large_8,0,69,2404
609,image_classification,triton_g4dn_xlarge_4,0,17,2412
575,image_classification,triton_g4dn_xlarge_3,0,24,2413
561,image_classification,triton_t2_large_12,0,84,2419
612,image_classification,triton_g4dn_xlarge_4,0,11,2427
611,image_classification,triton_g4dn_xlarge_3,0,11,2427
565,image_classification,triton_t2_large_6,0,87,2433
631,image_classification,triton_g4dn_xlarge_3,0,10,2437
632,image_classification,triton_g4dn_xlarge_4,0,11,2439
559,image_classification,triton_t2_large_2,0,104,2439
562,image_classification,triton_t2_large_15,0,106,2441
566,image_classification,triton_t2_large_5,0,95,2441
606,image_classification,triton_t2_large_3,0,71,2444
560,image_classification,triton_t2_large_11,0,109,2444
571,image_classification,triton_t2_large_4,0,73,2451
634,image_classification,triton_g4dn_xlarge_4,0,17,2456
628,image_classification,triton_g4dn_xlarge_3,0,18,2456
702,image_classification,triton_t2_large_1,0,73,2459
608,image_classification,triton_t2_large_7,0,81,2465
605,image_classification,triton_t2_large_16,0,94,2467
607,image_classification,triton_t2_large_13,0,92,2476
610,image_classification,triton_t2_large_8,0,72,2478
740,image_classification,triton_t2_large_12,0,73,2492
617,image_classification,triton_g4dn_xlarge_4,0,45,2504
613,image_classification,triton_t2_large_6,0,68,2505
616,image_classification,triton_g4dn_xlarge_3,0,50,2509
652,image_classification,triton_g4dn_xlarge_4,0,15,2520
621,image_classification,triton_g4dn_xlarge_3,0,11,2523
703,image_classification,triton_t2_large_4,0,83,2534
615,image_classification,triton_t2_large_3,0,89,2536
581,image_classification,triton_t2_large_5,0,94,2536
622,image_classification,triton_g4dn_xlarge_4,0,17,2539
629,image_classification,triton_t2_large_1,0,80,2539
630,image_classification,triton_g4dn_xlarge_3,0,15,2540
582,image_classification,triton_g4dn_xlarge_3,0,11,2550
583,image_classification,triton_g4dn_xlarge_4,0,13,2553
588,image_classification,triton_g4dn_xlarge_3,0,8,2561
619,image_classification,triton_t2_large_8,0,86,2566
623,image_classification,triton_g4dn_xlarge_4,0,11,2566
614,image_classification,triton_t2_large_11,0,122,2569
589,image_classification,triton_g4dn_xlarge_3,0,8,2571
592,image_classification,triton_t2_large_7,0,107,2573
662,image_classification,triton_t2_large_6,0,69,2575
651,image_classification,triton_t2_large_12,0,81,2576
580,image_classification,triton_t2_large_15,0,133,2576
636,image_classification,triton_g4dn_xlarge_4,0,11,2577
635,image_classification,triton_t2_large_2,0,142,2580
618,image_classification,triton_t2_large_16,0,112,2582
696,image_classification,triton_g4dn_xlarge_3,0,13,2584
601,image_classification,triton_t2_large_13,0,116,2592
627,image_classification,triton_g4dn_xlarge_3,0,20,2608
645,image_classification,triton_g4dn_xlarge_4,0,32,2611
654,image_classification,triton_t2_large_3,0,76,2612
584,image_classification,triton_t2_large_1,0,74,2614
633,image_classification,triton_t2_large_4,0,80,2615
638,image_classification,triton_g4dn_xlarge_3,0,10,2619
653,image_classification,triton_t2_large_5,0,95,2632
637,image_classification,triton_t2_large_8,0,76,2643
646,image_classification,triton_g4dn_xlarge_3,0,30,2652
659,image_classification,triton_g4dn_xlarge_4,0,48,2660
624,image_classification,triton_t2_large_6,0,91,2668
647,image_classification,triton_g4dn_xlarge_3,0,15,2668
625,image_classification,triton_t2_large_12,0,99,2676
591,image_classification,triton_t2_large_7,0,106,2679
717,image_classification,triton_g4dn_xlarge_3,0,15,2684
639,image_classification,triton_g4dn_xlarge_4,0,29,2690
648,image_classification,triton_g4dn_xlarge_3,0,7,2693
715,image_classification,triton_t2_large_1,0,85,2700
719,image_classification,triton_g4dn_xlarge_4,0,12,2703
640,image_classification,triton_g4dn_xlarge_3,0,11,2705
626,image_classification,triton_t2_large_15,0,135,2712
713,image_classification,triton_t2_large_13,0,120,2712
731,image_classification,triton_t2_large_4,0,102,2718
660,image_classification,triton_t2_large_3,0,106,2718
649,image_classification,triton_g4dn_xlarge_3,0,12,2719
641,image_classification,triton_g4dn_xlarge_4,0,17,2722
657,image_classification,triton_t2_large_11,0,152,2723
663,image_classification,triton_t2_large_8,0,79,2724
661,image_classification,triton_t2_large_5,0,98,2732
714,image_classification,triton_t2_large_16,0,152,2735
716,image_classification,triton_t2_large_6,0,74,2743
667,image_classification,triton_g4dn_xlarge_3,0,26,2746
658,image_classification,triton_t2_large_2,0,168,2748
664,image_classification,triton_t2_large_12,0,73,2750
718,image_classification,triton_t2_large_7,0,81,2760
720,image_classification,triton_t2_large_1,0,76,2778
723,image_classification,triton_g4dn_xlarge_4,0,64,2788
593,image_classification,triton_g4dn_xlarge_3,0,41,2788
749,image_classification,triton_t2_large_8,0,78,2803
728,image_classification,triton_g4dn_xlarge_3,0,14,2804
729,image_classification,triton_g4dn_xlarge_4,0,19,2809
670,image_classification,triton_g4dn_xlarge_3,0,12,2818
722,image_classification,triton_t2_large_13,0,107,2820
730,image_classification,triton_g4dn_xlarge_4,0,12,2825
666,image_classification,triton_t2_large_4,0,109,2827
725,image_classification,triton_t2_large_5,0,96,2830
733,image_classification,triton_g4dn_xlarge_3,0,9,2832
671,image_classification,triton_g4dn_xlarge_4,0,10,2839
726,image_classification,triton_t2_large_6,0,95,2841
735,image_classification,triton_g4dn_xlarge_3,0,14,2848
665,image_classification,triton_t2_large_3,0,130,2848
721,image_classification,triton_t2_large_15,0,142,2855
668,image_classification,triton_t2_large_12,0,102,2855
673,image_classification,triton_g4dn_xlarge_4,0,15,2855
669,image_classification,triton_t2_large_7,0,95,2858
750,image_classification,triton_t2_large_16,0,123,2859
727,image_classification,triton_t2_large_1,0,80,2859
724,image_classification,triton_t2_large_11,0,144,2868
650,image_classification,triton_t2_large_2,0,121,2871
655,image_classification,triton_t2_large_8,0,73,2875
675,image_classification,triton_g4dn_xlarge_3,0,25,2876
737,image_classification,triton_g4dn_xlarge_4,0,24,2880
732,image_classification,triton_t2_large_13,0,77,2900
684,image_classification,triton_g4dn_xlarge_4,0,32,2916
736,image_classification,triton_t2_large_6,0,71,2916
741,image_classification,triton_g4dn_xlarge_3,0,42,2921
686,image_classification,triton_g4dn_xlarge_4,0,25,2941
743,image_classification,triton_g4dn_xlarge_3,0,23,2944
744,image_classification,triton_g4dn_xlarge_4,0,10,2952
734,image_classification,triton_t2_large_5,0,118,2952
688,image_classification,triton_g4dn_xlarge_3,0,8,2956
678,image_classification,triton_t2_large_1,0,99,2961
745,image_classification,triton_g4dn_xlarge_4,0,9,2962
742,image_classification,triton_t2_large_8,0,85,2964
672,image_classification,triton_t2_large_4,0,138,2967
689,image_classification,triton_g4dn_xlarge_3,0,10,2969
738,image_classification,triton_t2_large_12,0,115,2971
677,image_classification,triton_t2_large_7,0,120,2983
747,image_classification,triton_g4dn_xlarge_4,0,24,2989
683,image_classification,triton_t2_large_11,0,117,2990
682,image_classification,triton_t2_large_2,0,119,2992
691,image_classification,triton_g4dn_xlarge_3,0,24,2995
687,image_classification,triton_t2_large_6,0,83,2999
674,image_classification,triton_t2_large_3,0,160,3011
685,image_classification,triton_t2_large_13,0,106,3012
676,image_classification,triton_t2_large_16,0,151,3013
739,image_classification,triton_t2_large_15,0,159,3015
577,image_classification,triton_g4dn_xlarge_3,0,29,3027
694,image_classification,triton_g4dn_xlarge_4,0,37,3030
748,image_classification,triton_t2_large_8,0,82,3047
585,image_classification,triton_g4dn_xlarge_3,0,19,3048
572,image_classification,triton_t2_large_1,0,87,3052
746,image_classification,triton_t2_large_5,0,100,3053
573,image_classification,triton_t2_large_12,0,90,3066
700,image_classification,triton_g4dn_xlarge_4,0,35,3072
576,image_classification,triton_t2_large_7,0,86,3073
586,image_classification,triton_g4dn_xlarge_3,0,27,3078
690,image_classification,triton_t2_large_4,0,118,3088
695,image_classification,triton_t2_large_6,0,96,3100
708,image_classification,triton_g4dn_xlarge_3,0,20,3100
692,image_classification,triton_t2_large_2,0,107,3100
693,image_classification,triton_t2_large_11,0,115,3108
699,image_classification,triton_t2_large_13,0,104,3120
709,image_classification,triton_g4dn_xlarge_4,0,40,3120
587,image_classification,triton_g4dn_xlarge_3,0,16,3120
704,image_classification,triton_t2_large_8,0,76,3124
698,image_classification,triton_t2_large_16,0,113,3128
597,image_classification,triton_g4dn_xlarge_3,0,13,3139
705,image_classification,triton_t2_large_1,0,82,3141
697,image_classification,triton_t2_large_3,0,127,3142
598,image_classification,triton_g4dn_xlarge_4,0,17,3143
579,image_classification,triton_t2_large_15,0,126,3145
707,image_classification,triton_t2_large_12,0,81,3150
706,image_classification,triton_t2_large_5,0,94,3153
604,image_classification,triton_g4dn_xlarge_3,0,10,3157
642,image_classification,triton_g4dn_xlarge_4,0,17,3164
710,image_classification,triton_t2_large_7,0,96,3176
594,image_classification,triton_t2_large_6,0,83,3187
712,image_classification,triton_t2_large_2,0,90,3192
711,image_classification,triton_t2_large_4,0,103,3194
599,image_classification,triton_t2_large_8,0,74,3200
596,image_classification,triton_t2_large_13,0,80,3206
595,image_classification,triton_t2_large_11,0,91,3206
602,image_classification,triton_t2_large_16,0,83,3220
644,image_classification,triton_t2_large_1,0,79,3227
656,image_classification,triton_t2_large_3,0,85,3232
764,speech_recognition,triton_g4dn_xlarge_3,0,64,3302
765,speech_recognition,triton_g4dn_xlarge_4,0,68,3307
766,speech_recognition,triton_g4dn_xlarge_3,0,20,3324
767,speech_recognition,triton_g4dn_xlarge_4,0,22,3337
768,speech_recognition,triton_g4dn_xlarge_3,0,20,3345
821,speech_recognition,triton_g4dn_xlarge_4,0,22,3359
769,speech_recognition,triton_g4dn_xlarge_3,0,24,3371
882,speech_recognition,triton_g4dn_xlarge_4,0,23,3382
907,speech_recognition,triton_g4dn_xlarge_3,0,25,3395
937,speech_recognition,triton_g4dn_xlarge_4,0,23,3405
770,speech_recognition,triton_g4dn_xlarge_3,0,24,3426
771,speech_recognition,triton_g4dn_xlarge_4,0,22,3436
898,speech_recognition,triton_g4dn_xlarge_3,0,22,3448
827,speech_recognition,triton_g4dn_xlarge_4,0,21,3457
896,speech_recognition,triton_g4dn_xlarge_3,0,23,3471
801,speech_recognition,triton_g4dn_xlarge_4,0,23,3481
772,speech_recognition,triton_g4dn_xlarge_3,0,24,3503
851,speech_recognition,triton_g4dn_xlarge_4,0,23,3503
929,speech_recognition,triton_g4dn_xlarge_3,0,23,3526
930,speech_recognition,triton_g4dn_xlarge_4,0,23,3526
993,speech_recognition,triton_g4dn_xlarge_4,0,21,3548
992,speech_recognition,triton_g4dn_xlarge_3,0,22,3548
774,speech_recognition,triton_g4dn_xlarge_4,0,23,3577
773,speech_recognition,triton_g4dn_xlarge_3,0,25,3579
830,speech_recognition,triton_g4dn_xlarge_4,0,21,3598
949,speech_recognition,triton_g4dn_xlarge_3,0,23,3601
838,speech_recognition,triton_g4dn_xlarge_4,0,22,3622
775,speech_recognition,triton_g4dn_xlarge_3,0,20,3628
920,speech_recognition,triton_g4dn_xlarge_4,0,22,3644
776,speech_recognition,triton_g4dn_xlarge_3,0,20,3650
777,speech_recognition,triton_g4dn_xlarge_4,0,21,3672
778,speech_recognition,triton_g4dn_xlarge_3,0,25,3676
779,speech_recognition,triton_g4dn_xlarge_4,0,23,3696
780,speech_recognition,triton_g4dn_xlarge_3,0,23,3707
866,speech_recognition,triton_g4dn_xlarge_4,0,22,3719
887,speech_recognition,triton_g4dn_xlarge_3,0,22,3729
928,speech_recognition,triton_g4dn_xlarge_4,0,22,3741
901,speech_recognition,triton_g4dn_xlarge_3,0,23,3752
989,speech_recognition,triton_g4dn_xlarge_4,0,22,3763
968,speech_recognition,triton_g4dn_xlarge_3,0,22,3774
781,speech_recognition,triton_g4dn_xlarge_4,0,20,3792
782,speech_recognition,triton_g4dn_xlarge_3,0,23,3805
783,speech_recognition,triton_g4dn_xlarge_4,0,21,3814
931,speech_recognition,triton_g4dn_xlarge_3,0,22,3827
784,speech_recognition,triton_g4dn_xlarge_4,0,23,3839
752,speech_recognition,triton_t2_large_6,0,601,3839
754,speech_recognition,triton_t2_large_1,0,605,3843
755,speech_recognition,triton_t2_large_3,0,607,3846
946,speech_recognition,triton_g4dn_xlarge_3,0,24,3851
753,speech_recognition,triton_t2_large_8,0,615,3853
751,speech_recognition,triton_t2_large_7,0,626,3864
756,speech_recognition,triton_t2_large_4,0,627,3865
762,speech_recognition,triton_t2_large_16,0,626,3865
758,speech_recognition,triton_t2_large_2,0,627,3865
763,speech_recognition,triton_t2_large_13,0,627,3865
761,speech_recognition,triton_t2_large_15,0,628,3867
785,speech_recognition,triton_g4dn_xlarge_4,0,24,3871
789,speech_recognition,triton_g4dn_xlarge_3,0,26,3884
760,speech_recognition,triton_t2_large_12,0,645,3884
759,speech_recognition,triton_t2_large_11,0,653,3892
757,speech_recognition,triton_t2_large_5,0,657,3895
803,speech_recognition,triton_g4dn_xlarge_4,0,31,3903
798,speech_recognition,triton_g4dn_xlarge_3,0,21,3911
805,speech_recognition,triton_g4dn_xlarge_4,0,21,3925
806,speech_recognition,triton_g4dn_xlarge_3,0,21,3936
807,speech_recognition,triton_g4dn_xlarge_4,0,22,3949
808,speech_recognition,triton_g4dn_xlarge_3,0,24,3962
846,speech_recognition,triton_g4dn_xlarge_4,0,22,3970
980,speech_recognition,triton_g4dn_xlarge_3,0,23,3985
860,speech_recognition,triton_g4dn_xlarge_4,0,23,3994
800,speech_recognition,triton_g4dn_xlarge_3,0,22,4009
985,speech_recognition,triton_g4dn_xlarge_4,0,22,4016
809,speech_recognition,triton_g4dn_xlarge_3,0,22,4034
802,speech_recognition,triton_g4dn_xlarge_4,0,22,4041
810,speech_recognition,triton_g4dn_xlarge_3,0,21,4055
811,speech_recognition,triton_g4dn_xlarge_4,0,22,4067
812,speech_recognition,triton_g4dn_xlarge_3,0,22,4078
861,speech_recognition,triton_g4dn_xlarge_4,0,22,4092
862,speech_recognition,triton_g4dn_xlarge_3,0,24,4104
918,speech_recognition,triton_g4dn_xlarge_4,0,21,4113
813,speech_recognition,triton_g4dn_xlarge_3,0,22,4133
908,speech_recognition,triton_g4dn_xlarge_4,0,21,4134
880,speech_recognition,triton_g4dn_xlarge_4,0,22,4155
863,speech_recognition,triton_g4dn_xlarge_3,0,23,4155
921,speech_recognition,triton_g4dn_xlarge_4,0,22,4181
919,speech_recognition,triton_g4dn_xlarge_3,0,23,4182
815,speech_recognition,triton_g4dn_xlarge_4,0,23,4211
814,speech_recognition,triton_g4dn_xlarge_3,0,24,4212
923,speech_recognition,triton_g4dn_xlarge_4,0,22,4236
922,speech_recognition,triton_g4dn_xlarge_3,0,23,4236
817,speech_recognition,triton_g4dn_xlarge_4,0,22,4265
816,speech_recognition,triton_g4dn_xlarge_3,0,22,4265
924,speech_recognition,triton_g4dn_xlarge_3,0,22,4290
925,speech_recognition,triton_g4dn_xlarge_4,0,22,4290
819,speech_recognition,triton_g4dn_xlarge_4,0,21,4317
818,speech_recognition,triton_g4dn_xlarge_3,0,21,4317
820,speech_recognition,triton_g4dn_xlarge_3,0,21,4340
822,speech_recognition,triton_g4dn_xlarge_4,0,22,4341
836,speech_recognition,triton_g4dn_xlarge_3,0,22,4362
917,speech_recognition,triton_g4dn_xlarge_4,0,23,4365
988,speech_recognition,triton_g4dn_xlarge_4,0,23,4388
926,speech_recognition,triton_g4dn_xlarge_3,0,24,4389
787,speech_recognition,triton_t2_large_1,0,569,4416
788,speech_recognition,triton_t2_large_3,0,569,4416
824,speech_recognition,triton_g4dn_xlarge_4,0,24,4418
786,speech_recognition,triton_t2_large_6,0,571,4418
823,speech_recognition,triton_g4dn_xlarge_3,0,24,4418
910,speech_recognition,triton_g4dn_xlarge_4,0,22,4440
909,speech_recognition,triton_g4dn_xlarge_3,0,24,4441
790,speech_recognition,triton_t2_large_8,0,585,4442
794,speech_recognition,triton_t2_large_16,0,591,4459
791,speech_recognition,triton_t2_large_4,0,592,4460
795,speech_recognition,triton_t2_large_13,0,591,4460
793,speech_recognition,triton_t2_large_15,0,593,4462
796,speech_recognition,triton_t2_large_7,0,596,4464
927,speech_recognition,triton_g4dn_xlarge_4,0,23,4464
982,speech_recognition,triton_g4dn_xlarge_3,0,23,4464
792,speech_recognition,triton_t2_large_2,0,595,4464
797,speech_recognition,triton_t2_large_12,0,584,4474
804,speech_recognition,triton_t2_large_11,0,589,4482
932,speech_recognition,triton_g4dn_xlarge_4,0,30,4494
829,speech_recognition,triton_g4dn_xlarge_3,0,24,4494
799,speech_recognition,triton_t2_large_5,0,598,4499
904,speech_recognition,triton_g4dn_xlarge_4,0,21,4515
935,speech_recognition,triton_g4dn_xlarge_3,0,23,4520
936,speech_recognition,triton_g4dn_xlarge_4,0,21,4539
833,speech_recognition,triton_g4dn_xlarge_3,0,21,4546
938,speech_recognition,triton_g4dn_xlarge_4,0,20,4560
834,speech_recognition,triton_g4dn_xlarge_3,0,22,4569
939,speech_recognition,triton_g4dn_xlarge_4,0,21,4582
940,speech_recognition,triton_g4dn_xlarge_3,0,23,4595
941,speech_recognition,triton_g4dn_xlarge_4,0,22,4605
974,speech_recognition,triton_g4dn_xlarge_3,0,23,4618
975,speech_recognition,triton_g4dn_xlarge_4,0,23,4629
835,speech_recognition,triton_g4dn_xlarge_3,0,22,4645
837,speech_recognition,triton_g4dn_xlarge_4,0,22,4656
893,speech_recognition,triton_g4dn_xlarge_3,0,22,4667
942,speech_recognition,triton_g4dn_xlarge_4,0,21,4679
943,speech_recognition,triton_g4dn_xlarge_3,0,23,4693
944,speech_recognition,triton_g4dn_xlarge_4,0,21,4701
839,speech_recognition,triton_g4dn_xlarge_3,0,23,4722
945,speech_recognition,triton_g4dn_xlarge_4,0,20,4723
947,speech_recognition,triton_g4dn_xlarge_3,0,21,4745
948,speech_recognition,triton_g4dn_xlarge_4,0,22,4746
951,speech_recognition,triton_g4dn_xlarge_3,0,22,4768
840,speech_recognition,triton_g4dn_xlarge_4,0,23,4777
954,speech_recognition,triton_g4dn_xlarge_4,0,22,4799
841,speech_recognition,triton_g4dn_xlarge_3,0,24,4799
842,speech_recognition,triton_g4dn_xlarge_3,0,21,4828
843,speech_recognition,triton_g4dn_xlarge_4,0,22,4829
915,speech_recognition,triton_g4dn_xlarge_4,0,21,4850
844,speech_recognition,triton_g4dn_xlarge_3,0,22,4850
955,speech_recognition,triton_g4dn_xlarge_3,0,24,4876
956,speech_recognition,triton_g4dn_xlarge_4,0,23,4876
845,speech_recognition,triton_g4dn_xlarge_3,0,23,4905
847,speech_recognition,triton_g4dn_xlarge_4,0,23,4905
957,speech_recognition,triton_g4dn_xlarge_3,0,22,4928
958,speech_recognition,triton_g4dn_xlarge_4,0,21,4928
959,speech_recognition,triton_g4dn_xlarge_3,0,23,4951
960,speech_recognition,triton_g4dn_xlarge_4,0,23,4951
826,speech_recognition,triton_t2_large_3,0,562,4978
911,speech_recognition,triton_t2_large_6,0,562,4979
849,speech_recognition,triton_g4dn_xlarge_4,0,24,4985
848,speech_recognition,triton_g4dn_xlarge_3,0,24,4986
825,speech_recognition,triton_t2_large_1,0,581,4996
1000,speech_recognition,triton_g4dn_xlarge_4,0,20,5005
856,speech_recognition,triton_g4dn_xlarge_3,0,21,5017
828,speech_recognition,triton_t2_large_8,0,575,5024
857,speech_recognition,triton_g4dn_xlarge_4,0,21,5027
859,speech_recognition,triton_g4dn_xlarge_3,0,21,5039
864,speech_recognition,triton_g4dn_xlarge_4,0,23,5052
853,speech_recognition,triton_t2_large_4,0,591,5052
854,speech_recognition,triton_t2_large_16,0,591,5052
855,speech_recognition,triton_t2_large_13,0,591,5052
903,speech_recognition,triton_t2_large_15,0,589,5052
933,speech_recognition,triton_t2_large_2,0,589,5053
934,speech_recognition,triton_t2_large_12,0,582,5057
831,speech_recognition,triton_t2_large_7,0,587,5058
895,speech_recognition,triton_g4dn_xlarge_3,0,23,5064
883,speech_recognition,triton_t2_large_11,0,591,5073
867,speech_recognition,triton_g4dn_xlarge_4,0,22,5082
875,speech_recognition,triton_g4dn_xlarge_3,0,21,5092
899,speech_recognition,triton_g4dn_xlarge_4,0,21,5106
832,speech_recognition,triton_t2_large_5,0,606,5108
900,speech_recognition,triton_g4dn_xlarge_3,0,22,5119
902,speech_recognition,triton_g4dn_xlarge_4,0,20,5127
877,speech_recognition,triton_g4dn_xlarge_3,0,22,5146
905,speech_recognition,triton_g4dn_xlarge_4,0,21,5149
906,speech_recognition,triton_g4dn_xlarge_3,0,21,5172
912,speech_recognition,triton_g4dn_xlarge_4,0,23,5173
995,speech_recognition,triton_g4dn_xlarge_3,0,21,5193
878,speech_recognition,triton_g4dn_xlarge_4,0,23,5200
879,speech_recognition,triton_g4dn_xlarge_3,0,23,5222
913,speech_recognition,triton_g4dn_xlarge_4,0,22,5226
914,speech_recognition,triton_g4dn_xlarge_3,0,22,5248
881,speech_recognition,triton_g4dn_xlarge_4,0,21,5253
884,speech_recognition,triton_g4dn_xlarge_3,0,21,5275
885,speech_recognition,triton_g4dn_xlarge_4,0,23,5277
950,speech_recognition,triton_g4dn_xlarge_4,0,23,5301
916,speech_recognition,triton_g4dn_xlarge_3,0,22,5301
886,speech_recognition,triton_g4dn_xlarge_3,0,22,5330
888,speech_recognition,triton_g4dn_xlarge_4,0,21,5330
952,speech_recognition,triton_g4dn_xlarge_3,0,21,5352
953,speech_recognition,triton_g4dn_xlarge_4,0,21,5353
979,speech_recognition,triton_g4dn_xlarge_3,0,21,5373
987,speech_recognition,triton_g4dn_xlarge_4,0,22,5376
990,speech_recognition,triton_g4dn_xlarge_3,0,22,5398
889,speech_recognition,triton_g4dn_xlarge_4,0,23,5406
890,speech_recognition,triton_g4dn_xlarge_3,0,23,5428
991,speech_recognition,triton_g4dn_xlarge_4,0,21,5428
996,speech_recognition,triton_g4dn_xlarge_4,0,22,5450
994,speech_recognition,triton_g4dn_xlarge_3,0,22,5451
892,speech_recognition,triton_g4dn_xlarge_4,0,21,5482
891,speech_recognition,triton_g4dn_xlarge_3,0,22,5483
894,speech_recognition,triton_g4dn_xlarge_4,0,20,5503
984,speech_recognition,triton_g4dn_xlarge_3,0,22,5505
961,speech_recognition,triton_g4dn_xlarge_4,0,22,5526
962,speech_recognition,triton_g4dn_xlarge_3,0,21,5536
850,speech_recognition,triton_t2_large_6,0,563,5547
977,speech_recognition,triton_g4dn_xlarge_4,0,21,5547
852,speech_recognition,triton_t2_large_3,0,568,5552
978,speech_recognition,triton_g4dn_xlarge_3,0,23,5559
858,speech_recognition,triton_t2_large_1,0,566,5573
963,speech_recognition,triton_g4dn_xlarge_4,0,20,5578
966,speech_recognition,triton_g4dn_xlarge_3,0,23,5592
967,speech_recognition,triton_g4dn_xlarge_4,0,21,5601
865,speech_recognition,triton_t2_large_8,0,575,5604
970,speech_recognition,triton_g4dn_xlarge_3,0,21,5622
976,speech_recognition,triton_g4dn_xlarge_4,0,22,5624
870,speech_recognition,triton_t2_large_2,0,576,5637
874,speech_recognition,triton_t2_large_13,0,577,5637
873,speech_recognition,triton_t2_large_16,0,577,5638
872,speech_recognition,triton_t2_large_15,0,578,5638
869,speech_recognition,triton_t2_large_4,0,581,5641
871,speech_recognition,triton_t2_large_12,0,581,5642
972,speech_recognition,triton_g4dn_xlarge_3,0,25,5648
868,speech_recognition,triton_t2_large_7,0,587,5648
973,speech_recognition,triton_g4dn_xlarge_4,0,20,5654
897,speech_recognition,triton_t2_large_11,0,591,5665
876,speech_recognition,triton_t2_large_5,0,596,5710
964,speech_recognition,triton_t2_large_6,0,566,6123
965,speech_recognition,triton_t2_large_3,0,568,6125
969,speech_recognition,triton_t2_large_1,0,564,6144
971,speech_recognition,triton_t2_large_8,0,572,6184
998,speech_recognition,triton_t2_large_16,0,574,6220
983,speech_recognition,triton_t2_large_2,0,576,6221
986,speech_recognition,triton_t2_large_12,0,578,6223
999,speech_recognition,triton_t2_large_13,0,578,6223
997,speech_recognition,triton_t2_large_15,0,578,6223
981,speech_recognition,triton_t2_large_4,0,586,6231
